,City,Lat,Lng,Max Temp (C),Humidity,Cloudiness,Wind Speed,Country,Date
26,Mhlosheni,-27.1833,31.3833,25.0,78,37,1.54,SZ,1610507535
33,Luwus,-8.3984,115.1956,28.0,89,40,5.66,ID,1610489439
40,Zarate Isla,-25.2333,-57.5,23.0,83,75,3.6,PY,1610529117
47,Sítio São Lucas,-23.0475,-52.1868,23.33000000000004,86,100,2.28,BR,1610528097
51,La Mercy,-29.6392,31.1311,26.670000000000016,83,0,1.47,ZA,1610507282
67,Médano de Oro,-31.6,-68.45,23.710000000000036,43,0,0.82,AR,1610530933
71,Mnoungou,-11.5178,43.3739,24.350000000000023,89,30,4.14,KM,1610506376
77,Hoskinstown,-35.4167,149.45,32.78000000000003,30,7,1.34,AU,1610478052
95,Congonhas,-20.4997,-43.8578,19.32000000000005,93,99,1.3,BR,1610526383
98,Narracan,-38.25,146.2333,32.78000000000003,43,68,2.68,AU,1610478373
104,Ngejring,-8.1724,111.9545,28.890000000000043,74,100,5.47,ID,1610490239
107,Kananga,-9.0833,23.9,17.629999999999995,96,86,1.1,CD,1610511291
119,Stansbury,-34.9167,137.7833,23.0,60,0,6.69,AU,1610480930
150,Krajan Wetan,-8.0885,113.2423,29.390000000000043,74,100,2.99,ID,1610489938
153,Jumbuk,-38.4167,146.4667,32.78000000000003,43,73,2.68,AU,1610478289
163,Fannie Bay,-12.4262,130.8398,34.44,58,40,3.09,AU,1610485285
165,Cochabamba,-17.3895,-66.1568,17.0,77,75,2.06,BO,1610532073
171,Dusun Desa Handapherang,-7.3429,108.3796,31.83000000000004,56,100,0.51,ID,1610491178
194,Gheerulla,-26.5667,152.7667,28.33000000000004,63,32,1.34,AU,1610478464
196,Partido de Salliqueló,-36.6667,-63.0833,16.560000000000002,30,0,4.43,AR,1610528901
197,Coronel Pringles,-37.9829,-61.3562,12.78000000000003,68,0,0.89,AR,1610528274
201,Wela,-11.6536,43.2806,25.960000000000036,80,17,4.13,KM,1610506385
205,Rio de Janeiro,-22.9028,-43.2075,27.0,78,20,2.57,BR,1610525957
218,Arlington,-17.9131,31.0947,19.439999999999998,90,100,0.89,ZW,1610508667
220,Sea Lake,-35.4833,142.8333,37.620000000000005,13,85,9.53,AU,1610479631
235,Mamoudzou,-12.7797,45.2283,29.0,74,0,2.57,YT,1610505804
245,Departamento de Apóstoles,-27.9167,-55.75,20.189999999999998,97,71,2.1,AR,1610528367
246,Ascurra,-26.9553,-49.3756,23.33000000000004,93,100,0.46,BR,1610526957
247,Monção,-3.4917,-45.2511,22.629999999999995,98,100,0.63,BR,1610528430
258,Kedungwuluh,-7.536,108.6873,30.170000000000016,64,100,0.45,ID,1610491086
271,Fraser Coast,-25.3414,152.6702,27.220000000000027,63,40,2.68,AU,1610478636
273,Nsanje District,-16.75,35.1667,24.129999999999995,90,100,1.55,MW,1610507812
277,Georges Plains,-33.5,149.5333,30.0,36,13,1.34,AU,1610478317
282,Penambangan,-6.9379,112.0609,29.200000000000045,78,98,4.94,ID,1610490333
294,Pyengana,-41.2833,148.0,19.5,69,99,2.19,AU,1610477417
299,Rowville,-37.9333,145.2333,35.0,30,83,2.68,AU,1610478666
313,Ciboleger,-6.5944,106.2255,30.560000000000002,73,100,3.09,ID,1610491768
316,Raci Kulon,-7.0005,112.5425,31.0,70,20,3.6,ID,1610490212
318,Martinópole,-3.2256,-40.6967,22.370000000000005,94,64,0.97,BR,1610527362
330,Kondangrege,-7.2721,107.89,26.460000000000036,66,100,0.5,ID,1610491303
339,Itajubá,-22.4256,-45.4528,20.30000000000001,86,100,0.72,BR,1610526551
340,Nashdale,-33.2833,149.0333,30.560000000000002,41,42,1.34,AU,1610478468
343,San Felipe,-32.75,-70.7333,9.82000000000005,69,0,0.52,CL,1610531322
345,Santana do Itararé,-23.755,-49.6292,22.220000000000027,99,100,1.34,BR,1610527401
377,Sarakole,-6.3962,106.0722,27.610000000000014,74,100,2.26,ID,1610491823
382,Naebugis,-8.5774,119.0069,31.49000000000001,65,35,1.74,ID,1610488507
392,Ranelagh,-43.0,147.0333,26.110000000000014,45,46,3.58,AU,1610477322
412,Nova Petrópolis,-29.3764,-51.1144,21.670000000000016,97,100,0.89,BR,1610527067
414,Yengarie,-25.5667,152.6167,27.220000000000027,63,55,2.68,AU,1610478622
419,Tynong,-38.0833,145.6167,32.78000000000003,43,80,2.24,AU,1610478549
441,Cipaku,-7.3707,107.7551,22.470000000000027,80,97,0.88,ID,1610491325
443,Río Grande,-53.7877,-67.7095,6.0,81,0,6.69,AR,1610526162
446,Dakar,-0.7,10.2167,23.230000000000018,94,100,1.52,GA,1610515378
456,Bimbi,-34.05,147.95,36.68000000000001,13,3,2.68,AU,1610478617
469,Ganyesa,-26.5961,24.1761,20.79000000000002,72,36,3.95,ZA,1610509339
477,Ladysmith,-35.2,147.5167,38.89000000000004,12,0,2.57,AU,1610478549
487,Cintawana,-7.3552,108.1053,29.74000000000001,60,99,0.45,ID,1610491243
489,Nsanje,-16.92,35.262,25.189999999999998,88,100,0.88,MW,1610507771
492,Sehithwa,-20.4667,22.7167,23.060000000000002,79,62,3.16,BW,1610510402
496,Sumberingin Kulon,-8.1272,111.9898,29.090000000000032,73,100,5.19,ID,1610490235
507,Acaiaca,-20.3625,-43.1447,21.350000000000023,91,89,1.71,BR,1610526227
519,Taguatinga,-12.3857,-46.5711,22.58000000000004,81,38,0.8,BR,1610527884
527,Pomán,-28.3946,-66.2205,21.110000000000014,91,26,0.58,AR,1610530821
528,Gunungbitung,-7.315,107.0919,27.32000000000005,66,100,2.95,ID,1610491490
536,Villa Guillermina,-28.2426,-59.4544,21.379999999999995,87,31,2.74,AR,1610529216
544,Kangarilla,-35.15,138.65,26.110000000000014,44,59,6.11,AU,1610480686
554,Queanbeyan,-35.4197,149.2284,34.44,21,40,6.17,AU,1610478105
555,Pandeglang,-6.3084,106.1067,30.560000000000002,74,75,6.17,ID,1610491824
559,Gaplek,-8.1294,113.6275,28.060000000000002,77,99,2.99,ID,1610489842
560,Salinas,-16.1703,-42.2903,19.930000000000007,91,27,1.0,BR,1610526470
571,Point Pass,-34.0833,139.05,30.560000000000002,37,98,15.2,AU,1610480749
576,Triwil,-6.7204,111.0994,28.950000000000045,76,100,5.16,ID,1610490585
581,Purwosari,-6.8884,111.6619,29.27000000000004,77,100,5.14,ID,1610490434
586,Morungaba,-22.88,-46.7917,24.439999999999998,94,75,3.09,BR,1610526820
593,Brisas del Sol,-36.7739,-73.078,12.0,76,0,3.09,CL,1610531284
603,Snowtown,-33.7833,138.2167,30.560000000000002,36,97,6.71,AU,1610480993
604,Garunggang,-7.4659,108.2234,29.77000000000004,61,100,0.7,ID,1610491204
617,Lima Duarte,-21.8425,-43.7931,21.110000000000014,96,94,0.95,BR,1610526218
631,Arealva,-22.0286,-48.9111,22.220000000000027,98,100,1.79,BR,1610527426
648,Kawoyang,-6.2428,105.8627,25.879999999999995,82,100,3.65,ID,1610491889
661,Gubukjero Timuk,-8.5605,116.4792,30.0,79,40,4.63,ID,1610489115
664,Posses,-18.2833,-49.0,22.430000000000007,82,99,0.72,BR,1610527859
667,Cranley,-27.5167,151.95,29.0,39,31,6.69,AU,1610478542
669,San Patricio,-26.9667,-56.8167,19.950000000000045,97,92,2.29,PY,1610528742
681,Ifakara,-8.1333,36.6833,23.83000000000004,86,100,0.78,TZ,1610508314
683,Leales,-27.1952,-65.3089,21.0,88,40,2.06,AR,1610530753
694,Selong,-8.6503,116.5318,30.0,79,40,4.63,ID,1610489094
727,Santana do Paraíso,-19.3636,-42.5686,20.160000000000025,96,38,1.24,BR,1610526198
730,Somerset,-41.0406,145.8306,18.890000000000043,83,100,2.24,AU,1610477983
734,Kacangan Lor,-7.147,111.6679,30.100000000000023,74,100,3.67,ID,1610490408
746,Cocachacra,-17.0883,-71.7575,20.420000000000016,76,96,1.11,PE,1610447012
747,Mincha,-36.0167,144.0833,35.56,17,99,0.89,AU,1610479248
752,Cerro Azul,-24.8236,-49.2611,20.0,94,100,0.45,BR,1610527187
754,Uruburetama,-3.625,-39.5083,23.010000000000048,89,85,0.78,BR,1610527038
755,Itá,-25.4833,-57.35,23.0,83,75,3.6,PY,1610529051
756,Arvorezinha,-28.8722,-52.1753,17.850000000000023,98,100,2.64,BR,1610527387
767,Banjar Dauhrurung,-8.5954,115.096,28.0,89,40,5.66,ID,1610489444
788,Mount White,-33.45,151.2,29.439999999999998,57,0,1.34,AU,1610477924
804,Drivai,-16.45,167.8167,28.49000000000001,78,98,4.07,VU,1610475994
812,Krajan Landoh,-6.7635,111.3709,29.120000000000005,77,100,4.55,ID,1610490516
815,Lumwe,-8.6575,25.2367,17.730000000000018,96,82,0.79,CD,1610511012
828,Virginia,-34.6667,138.5667,27.78000000000003,55,65,3.13,AU,1610480779
841,Barengkok,-7.7152,108.1762,29.180000000000007,65,99,3.9,ID,1610491191
843,Gunungbatu,-7.3116,108.204,30.53000000000003,58,100,0.53,ID,1610491223
850,Vrede,-27.4257,29.1659,16.74000000000001,88,92,1.88,ZA,1610508038
871,Mojoasem,-6.9965,112.5728,31.0,70,20,3.6,ID,1610490205
899,Partido de Campana,-34.1667,-58.9167,20.0,55,0,4.12,AR,1610528280
913,Itabaiana,-10.685,-37.4253,26.0,83,40,2.57,BR,1610525857
916,Montecarlo,-26.5662,-54.757,20.24000000000001,96,96,0.83,AR,1610528297
927,Conceição de Macabu,-22.0853,-41.8683,25.0,94,40,2.57,BR,1610525729
930,Dalmore,-38.1833,145.4167,31.110000000000014,43,80,2.24,AU,1610478580
957,Kabalo,-6.05,26.9167,20.700000000000045,95,60,0.59,CD,1610510860
976,Jambangan,-8.1623,112.7382,26.470000000000027,78,100,3.07,ID,1610490052
983,Banjaranyar,-7.0121,112.4618,31.0,70,20,3.6,ID,1610490230
989,Mzimba District,-11.8543,33.6078,19.150000000000034,84,100,0.99,MW,1610508687
