City,Lat,Lng,Max Temp (C),Humidity,Cloudiness,Wind Speed,Country,Date
Uni,57.7535,51.4923,-26.409999999999968,89,90,3.06,RU,1610514497
Rosedale,51.4168,-112.6352,7.0,53,74,1.03,CA,1610465459
Kentland,40.7703,-87.4453,0.5600000000000023,88,62,1.34,US,1610457163
Vailhauquès,43.6667,3.7167,10.0,66,0,10.29,FR,1610522185
Tenedos,39.835,26.0697,7.0,87,75,6.69,TR,1610516151
Shahumyan,40.7748,44.546,-3.0,86,40,4.02,AM,1610511874
Češinovo,41.8714,22.2892,0.0,93,75,0.51,MK,1610517403
At Ta'izziyah,13.6948,44.0094,17.33000000000004,39,0,2.53,YE,1610508643
Sahún,42.6053,0.4686,0.5600000000000023,82,38,4.21,ES,1610522769
Fawcett,54.5335,-114.0854,-12.0,100,37,1.03,CA,1610466719
Kestert,50.1833,7.65,0.5600000000000023,95,12,0.89,DE,1610522644
Jaunjelgava,56.5142,25.2958,-1.669999999999959,96,100,4.47,LV,1610520308
Voineşti,46.5667,27.4167,-1.0,100,75,3.6,RO,1610517074
Semily,50.6019,15.3355,-2.2199999999999704,94,82,2.68,CZ,1610520906
Admont,47.5754,14.4608,1.1100000000000136,93,75,1.54,AT,1610520400
Chełm,51.1356,23.4897,-2.2199999999999704,100,100,5.07,PL,1610519088
Tāttayyangārpettai,11.1333,78.45,24.0,94,90,3.09,IN,1610500125
Gotthun,53.4167,12.6,1.1100000000000136,84,37,2.24,DE,1610522336
Alburquerque,39.2208,-7.0023,-1.2799999999999727,95,21,1.26,ES,1610523987
Neu Klocksin,53.65,12.5833,1.1100000000000136,93,75,5.66,DE,1610522410
Dayton,46.3237,-117.9724,15.0,51,90,10.29,US,1610465535
Roncq,50.75,3.1167,1.670000000000016,93,0,2.06,FR,1610523875
Borkou Region,18.25,18.5,17.710000000000036,27,0,5.32,TD,1610515229
Saint-Aubert,50.2081,3.4173,1.1100000000000136,93,0,2.06,FR,1610523666
Priego,40.4656,-2.32,-2.909999999999968,93,0,2.02,ES,1610523067
Saint-Just-la-Pendue,45.9,4.25,7.220000000000027,100,90,3.09,FR,1610522494
Mhlosheni,-27.1833,31.3833,25.0,78,37,1.54,SZ,1610507535
Oisy-le-Verger,50.25,3.1167,1.1100000000000136,85,68,3.05,FR,1610523748
Xutun,40.0377,122.0772,-3.339999999999975,80,9,6.2,CN,1610493147
Wangda,29.6833,97.9,-2.819999999999993,76,2,1.64,CN,1610497468
Postville,43.0847,-91.5682,0.0,93,1,3.09,US,1610458563
Sollwitt,54.6,9.2167,1.670000000000016,93,69,6.69,DE,1610523512
Kiukainen,61.2167,22.0833,-6.0,86,20,6.17,FI,1610523146
Luwus,-8.3984,115.1956,28.0,89,40,5.66,ID,1610489439
Macun,33.5668,113.6455,14.330000000000041,32,0,4.63,CN,1610494198
Alhausen,50.7167,7.7167,0.0,94,55,2.44,DE,1610522763
Roşia,45.8167,24.3167,0.0,93,75,5.14,RO,1610517662
Verneuil-en-Halatte,49.2791,2.5241,4.0,93,75,1.03,FR,1610523653
Illmitz,47.7615,16.8002,2.0,64,75,8.75,AT,1610519880
Brienon-sur-Armançon,47.9901,3.6163,5.0,93,90,1.07,FR,1610523093
Zarate Isla,-25.2333,-57.5,23.0,83,75,3.6,PY,1610529117
Lagata,41.2103,-0.8046,5.560000000000002,75,0,1.34,ES,1610522829
Erjiegou,40.8505,122.0797,-3.9899999999999523,73,2,4.11,CN,1610493283
Jifeng,35.6135,110.9585,9.770000000000039,35,0,2.93,CN,1610495132
Alpenrod,50.6333,7.8667,0.0,94,56,2.57,DE,1610522705
Lenk,46.425,7.4565,2.2200000000000273,93,75,0.51,CH,1610521833
Segurilla,40.0375,-4.871,-4.439999999999998,69,7,1.26,ES,1610523608
Sítio São Lucas,-23.0475,-52.1868,23.33000000000004,86,100,2.28,BR,1610528097
Qianying,40.1585,123.1807,-3.75,78,6,7.41,CN,1610492902
Windbergen,54.05,9.1167,2.2200000000000273,90,77,7.21,DE,1610523363
Kal'shali,54.3167,54.1,-22.73999999999998,88,98,2.3,RU,1610512657
La Mercy,-29.6392,31.1311,26.670000000000016,83,0,1.47,ZA,1610507282
Bereslavka,48.6254,44.0449,-3.0,86,90,10.0,RU,1610513539
Ivanovo-Alekseyevka,42.5476,72.209,-0.2699999999999818,92,95,0.65,KG,1610505546
Saint-Maurice-de-Lignon,45.2167,4.15,5.0,100,90,3.09,FR,1610522380
Kuz’mino,53.2567,34.3139,-4.0,93,90,5.0,RU,1610517080
Kebbi,11.5,4.0,17.310000000000002,27,0,2.09,NG,1610518031
Motors Mobile Home Park,42.6642,-88.3203,-1.0,86,100,4.12,US,1610457706
Ottenbüttel,53.971,9.5041,2.2200000000000273,92,73,1.79,DE,1610523246
Lokeren,51.1036,3.9934,2.7800000000000296,96,91,1.34,BE,1610523756
Vilafranca de Bonany,39.5688,3.0861,5.0,93,0,0.51,ES,1610521622
Chaulieu,48.7359,-0.8614,9.0,100,90,6.69,FR,1610524338
Ichalkaranji,16.7,74.4667,26.370000000000005,46,51,4.36,IN,1610501636
Green Bay,33.0149,-79.7554,7.78000000000003,100,75,0.86,US,1610454143
Seven Points,32.3204,-96.213,6.110000000000014,80,89,3.43,US,1610457999
Liski,50.94,39.5037,-7.310000000000002,96,100,6.98,RU,1610515195
Peque,42.0731,-6.2623,0.5600000000000023,99,27,1.34,ES,1610524289
Médano de Oro,-31.6,-68.45,23.710000000000036,43,0,0.82,AR,1610530933
Godhra,22.75,73.6333,19.0,63,0,4.12,IN,1610502478
Chhoti Sādri,24.3833,74.7,19.110000000000014,26,0,3.55,IN,1610502405
Covington,40.1173,-84.3538,-2.0,93,1,2.57,US,1610456312
Mnoungou,-11.5178,43.3739,24.350000000000023,89,30,4.14,KM,1610506376
Entzheim,48.5333,7.6333,0.5600000000000023,93,75,2.06,FR,1610522253
Pānihāti,22.6942,88.3744,23.33000000000004,68,1,4.63,IN,1610498934
New Berlin,42.6242,-75.3316,-2.2199999999999704,93,82,1.48,US,1610454583
Qabqir,39.6161,106.8736,0.5200000000000387,56,0,8.66,CN,1610496726
Hildesheim,52.1508,9.9511,3.330000000000041,78,60,3.58,DE,1610522608
Hoskinstown,-35.4167,149.45,32.78000000000003,30,7,1.34,AU,1610478052
Vonnas,46.2167,5.0,5.0,96,100,0.36,FR,1610522379
Erschwil,47.3739,7.5414,2.2200000000000273,98,100,0.45,CH,1610522015
Surtagan Chib,26.4744,64.6561,15.340000000000032,21,97,3.89,PK,1610505057
Bettembourg,49.5186,6.1028,0.0,93,75,3.09,LU,1610522852
Dorozhnyy,47.1344,39.8886,0.5600000000000023,93,100,5.81,RU,1610514203
Potenza Picena,43.3684,13.6223,2.2200000000000273,100,22,1.03,IT,1610519752
Coclé,8.45,-80.4333,24.439999999999998,61,100,3.82,PA,1610451588
Playa Azul,17.9833,-102.3444,22.760000000000048,66,25,1.62,MX,1610457799
Pfetterhouse,47.5006,7.1654,2.2200000000000273,100,90,1.54,FR,1610522133
Blăjani,45.3167,26.8167,-8.329999999999984,94,100,5.36,RO,1610516962
North Royalton,41.3137,-81.7246,-1.0,80,90,5.14,US,1610455884
Buje,45.41,13.6619,0.5600000000000023,93,0,3.09,HR,1610520136
Leverkusen,51.0333,7.0,2.2200000000000273,89,35,0.45,DE,1610523016
Piritu,9.3708,-69.2103,22.03000000000003,79,100,1.94,VE,1610535398
Bañuelos,41.286,-2.9148,-3.829999999999984,93,0,3.5,ES,1610523349
Bay-ang,11.0347,122.9417,25.370000000000005,80,100,5.47,PH,1610489435
Dianzhong,24.405,102.2247,12.050000000000011,58,54,1.85,CN,1610495801
Congonhas,-20.4997,-43.8578,19.32000000000005,93,99,1.3,BR,1610526383
Ertaizi,42.8732,124.0519,-10.319999999999993,78,8,2.55,CN,1610493166
Klitten,51.35,14.6,0.5600000000000023,87,90,2.68,DE,1610521276
Narracan,-38.25,146.2333,32.78000000000003,43,68,2.68,AU,1610478373
Martiherrero,40.6823,-4.785,-4.439999999999998,69,10,0.71,ES,1610523695
Sailly-Labourse,50.5,2.7,2.2200000000000273,93,0,2.06,FR,1610523911
Breitenau,47.738,16.1401,1.670000000000016,77,87,4.02,AT,1610520033
Landkreis Rosenheim,47.8803,12.17,-0.5600000000000023,94,89,0.45,DE,1610521017
Château-Landon,48.15,2.7,6.110000000000014,98,99,1.96,FR,1610523349
Ngejring,-8.1724,111.9545,28.890000000000043,74,100,5.47,ID,1610490239
Gmina Czaplinek,53.5579,16.2326,-0.5600000000000023,96,49,4.56,PL,1610521507
Ramon,16.7842,121.535,21.730000000000018,83,94,1.43,PH,1610490347
Kananga,-9.0833,23.9,17.629999999999995,96,86,1.1,CD,1610511291
Marina,36.6844,-121.8022,12.0,81,1,1.54,US,1610464756
Watrous,51.6668,-105.4679,-8.0,86,97,3.09,CA,1610463807
Behrungen,50.4167,10.4167,0.0,84,0,3.82,DE,1610522039
Garber,40.5159,-88.3817,1.0,86,1,3.6,US,1610457345
Beacon Square,28.2086,-82.7554,13.330000000000041,79,100,3.81,US,1610454244
Poppendorf,54.1333,12.2833,2.7800000000000296,93,75,5.66,DE,1610522630
Kanturk,52.1667,-8.9,10.0,93,75,7.72,IE,1610527134
Savanes,9.5,-5.5,21.210000000000036,23,0,1.07,CI,1610520118
"Navalucillos, Los",39.5666,-4.6803,-3.859999999999957,92,7,0.76,ES,1610523485
Powiat oświęcimski,50.038,19.2277,-0.5600000000000023,98,83,6.16,PL,1610519831
Cosa,51.7,12.0833,1.670000000000016,88,47,1.79,DE,1610521974
Stansbury,-34.9167,137.7833,23.0,60,0,6.69,AU,1610480930
Kolbudy,54.2699,18.4664,-1.669999999999959,100,75,4.12,PL,1610521189
Schönerlinde,52.65,13.45,2.2200000000000273,86,21,5.6,DE,1610521909
Soussans,45.0562,-0.6992,9.439999999999998,100,90,4.12,FR,1610523511
Norton,41.9668,-71.187,0.5600000000000023,80,90,1.75,US,1610453470
Ji’an,41.1235,126.1763,-2.659999999999968,87,100,3.87,CN,1610492347
Oakworth,53.8333,-1.9667,1.1100000000000136,92,99,0.45,GB,1610525955
Ayr,43.2834,-80.4497,-2.2199999999999704,100,90,4.12,CA,1610455932
Quecholac,18.95,-97.6667,9.830000000000041,80,3,1.82,MX,1610456777
Beningafehn,53.3333,7.5667,3.330000000000041,87,40,7.72,DE,1610523518
Bellegarde-sur-Valserine,46.1079,5.8242,1.670000000000016,100,90,2.57,FR,1610522159
Cartelle,42.2341,-8.0309,6.110000000000014,87,43,1.54,ES,1610524742
San Pedro de Tutule,14.25,-87.85,15.390000000000043,97,72,3.68,HN,1610453938
Vinh Yen,21.31,105.5967,18.0,29,51,1.03,VN,1610494649
Monterrey,4.8721,-72.8988,21.25,74,74,1.03,CO,1610449437
Abenójar,38.8803,-4.357,-2.7799999999999727,99,0,0.45,ES,1610523298
Kirchheim bei München,48.1766,11.7556,0.0,86,75,4.12,DE,1610521183
Kubrat,43.8667,26.4833,1.1100000000000136,93,100,3.23,BG,1610516760
Sankt Lorenzen im Mürztal,47.5082,15.3648,1.1100000000000136,94,56,1.88,AT,1610520168
La Partida,25.5833,-103.2833,10.0,43,1,0.74,MX,1610458858
Gremersdorf,54.3333,10.9333,1.670000000000016,93,74,4.63,DE,1610523016
Reggio Calabria,38.1105,15.6613,12.0,66,75,4.63,IT,1610518373
Nalbach,49.3833,6.7833,-2.2199999999999704,99,57,1.7,DE,1610522656
Rannungen,50.1667,10.2167,-0.5600000000000023,95,1,0.45,DE,1610522024
Salihli,38.4826,28.1477,8.0,100,75,1.03,TR,1610515435
Arlington,43.0748,-73.154,-1.0,80,90,1.11,US,1610454143
Kleberg,27.4336,-97.7169,5.0,93,20,2.01,US,1610457741
Cannes-Écluse,48.363,2.9875,6.0,100,90,2.06,FR,1610523329
Jidd Ḩafş,26.2186,50.5478,16.0,59,0,3.6,BH,1610508413
Tilhar,27.9833,79.7333,14.590000000000032,41,0,2.66,IN,1610501618
Lago Vista,30.4602,-97.9884,3.890000000000043,81,1,2.06,US,1610458182
Krajan Wetan,-8.0885,113.2423,29.390000000000043,74,100,2.99,ID,1610489938
Trabuco Canyon,33.6609,-117.5853,12.220000000000027,56,68,0.45,US,1610463310
Metcalfe,33.454,-91.0073,1.0,86,1,1.54,US,1610456903
Jumbuk,-38.4167,146.4667,32.78000000000003,43,73,2.68,AU,1610478289
Rimpar,49.8564,9.9583,-1.669999999999959,95,0,0.45,DE,1610522009
Jiaogong,33.5655,104.6464,10.640000000000043,30,0,1.3,CN,1610496358
Uster,47.3471,8.7209,2.0,93,75,1.18,CH,1610521727
Gaas,43.6167,-1.0333,8.0,93,20,2.06,FR,1610523315
Soto del Barco,43.5329,-6.0698,6.670000000000016,81,90,4.63,ES,1610524508
Teschendorf,52.8523,13.1731,1.670000000000016,86,26,1.34,DE,1610522033
Măcin,45.2437,28.1356,-1.0,93,75,4.12,RO,1610516631
Kulm am Zirbitz,47.05,14.4833,-7.0,93,75,1.54,AT,1610520280
Wenbi,39.3874,111.1911,-0.38999999999998636,63,0,5.67,CN,1610495653
Fannie Bay,-12.4262,130.8398,34.44,58,40,3.09,AU,1610485285
North Vancouver,49.3664,-123.0693,10.0,100,100,2.57,CA,1610467441
Cochabamba,-17.3895,-66.1568,17.0,77,75,2.06,BO,1610532073
Gan,43.2333,-0.3833,6.0,100,90,3.09,FR,1610523088
Wehrheim,50.2945,8.5683,2.2200000000000273,86,1,0.45,DE,1610522451
Didyme,48.9,-72.6656,-4.0,86,100,2.57,CA,1610455238
McLean,40.4834,-88.8334,1.1100000000000136,93,1,4.63,US,1610457448
Gruta,53.4532,18.957,1.1100000000000136,95,59,0.45,PL,1610520822
Dusun Desa Handapherang,-7.3429,108.3796,31.83000000000004,56,100,0.51,ID,1610491178
Miyagi,38.4494,140.9262,7.0,57,40,3.09,JP,1610488368
Ludeşti,44.8667,25.2333,-1.1099999999999568,86,99,3.23,RO,1610517252
Qala,36.0361,14.3094,12.220000000000027,71,20,8.75,MT,1610518385
Babo-Pangulo,15.0833,120.5167,29.0,58,75,1.03,PH,1610490418
Hagetaubin,43.5167,-0.6167,7.78000000000003,100,90,3.09,FR,1610523196
Arauzo de Salce,41.8192,-3.4119,-7.0,100,90,1.03,ES,1610523561
Lenape Heights,40.7642,-79.5206,-3.329999999999984,89,2,0.45,US,1610455261
Covington,37.7935,-79.994,0.0,55,1,7.72,US,1610454893
Roquecor,44.3167,0.95,8.890000000000043,93,75,5.66,FR,1610522972
Neuilly-Saint-Front,49.1701,3.2639,3.330000000000041,91,87,1.73,FR,1610523450
Ferschweiler,49.8667,6.4,-1.1099999999999568,95,53,2.59,DE,1610522866
Prinzenmoor,54.2167,9.45,1.670000000000016,93,20,5.14,DE,1610523335
Priay,46.0019,5.2878,4.0,100,90,4.12,FR,1610522266
Muolen,47.521,9.3255,3.0,93,75,4.12,CH,1610521620
Pêro Viseu,40.2068,-7.4425,1.670000000000016,27,21,4.02,PT,1610524253
Az̧ Z̧āhirīyah,31.4097,34.9733,20.0,40,100,2.24,PS,1610512790
Juniper,46.5496,-67.2216,-2.0,80,90,1.54,CA,1610539775
Zhuolu,34.7321,103.3397,-0.5699999999999932,40,0,1.99,CN,1610496834
Lugu,23.7464,120.7525,21.110000000000014,56,0,1.79,TW,1610491280
Niederwetz,50.4896,8.4986,2.2200000000000273,89,6,0.89,DE,1610522517
Lixi,27.6281,116.3667,15.120000000000005,33,0,0.69,CN,1610492784
Winklarn,48.0926,14.8665,1.1100000000000136,80,20,7.72,AT,1610520418
Gheerulla,-26.5667,152.7667,28.33000000000004,63,32,1.34,AU,1610478464
Breese,53.0,11.8,1.670000000000016,92,79,0.45,DE,1610522405
Partido de Salliqueló,-36.6667,-63.0833,16.560000000000002,30,0,4.43,AR,1610528901
Coronel Pringles,-37.9829,-61.3562,12.78000000000003,68,0,0.89,AR,1610528274
Artsyz,45.9919,29.4182,-1.6999999999999886,96,100,2.82,UA,1610516474
Hyderabad,17.3753,78.4744,27.0,53,40,2.06,IN,1610500743
West Livingston,30.6983,-95.0019,6.670000000000016,87,90,0.47,US,1610457496
Wela,-11.6536,43.2806,25.960000000000036,80,17,4.13,KM,1610506385
San Juan de la Encinilla,40.8302,-4.8396,-4.439999999999998,69,1,0.49,ES,1610523733
Montignez,47.4871,7.0566,1.670000000000016,100,90,1.54,CH,1610522157
West Bay Shore,40.7087,-73.2812,1.1100000000000136,69,1,2.57,US,1610453754
Rio de Janeiro,-22.9028,-43.2075,27.0,78,20,2.57,BR,1610525957
Kokubunji,35.7022,139.4756,12.220000000000027,43,20,1.03,JP,1610488301
Essenheim,49.9306,8.1556,1.1100000000000136,80,1,4.63,DE,1610522460
Kottingbrunn,47.951,16.2272,1.670000000000016,77,78,4.02,AT,1610520059
Nandgaon,27.7167,77.3833,15.129999999999995,33,0,2.45,IN,1610502150
Jordanów Śląski,50.8642,16.8687,1.1100000000000136,86,75,6.69,PL,1610520605
Sadchikovka,53.0106,63.4539,-27.99999999999997,69,40,2.0,KZ,1610510019
Queimada,41.0977,-7.738,-0.5699999999999932,92,8,0.86,PT,1610524474
Castiglione della Pescaia,42.7635,10.8809,5.560000000000002,100,40,2.06,IT,1610520299
Riedenberg,50.3167,9.85,-1.669999999999959,96,35,0.89,DE,1610522150
Parkville,39.195,-94.6822,6.0,56,1,5.66,US,1610458639
Dörrebach,49.95,7.7167,0.0,91,5,1.34,DE,1610522570
Tolland,41.8501,-72.3495,0.0,80,90,1.1,US,1610453728
Arlington,-17.9131,31.0947,19.439999999999998,90,100,0.89,ZW,1610508667
Church Lench,52.1592,-1.9653,5.0,91,98,0.45,GB,1610525469
Sea Lake,-35.4833,142.8333,37.620000000000005,13,85,9.53,AU,1610479631
Matsumoto,36.2333,137.9667,7.78000000000003,56,20,2.06,JP,1610488741
Arjona,37.9316,-4.0526,1.1100000000000136,79,0,2.14,ES,1610523076
Miaoling,29.1045,114.7043,15.740000000000009,32,0,1.5,CN,1610493363
Masis,40.0676,44.4359,-5.0,86,20,0.51,AM,1610511782
Bitetto,41.0386,16.7469,4.0,87,0,3.09,IT,1610518589
Eschenbach,49.4833,10.6667,-0.5600000000000023,100,40,5.14,DE,1610521749
Bessemer,46.4813,-90.0529,-3.0,80,1,4.63,US,1610458870
Seton Portage,50.6998,-122.286,4.439999999999998,96,100,0.48,CA,1610467586
Shuihucun,32.4767,117.1578,13.480000000000018,38,0,6.53,CN,1610493208
Verkhniy Bulay,53.0325,103.0378,-24.859999999999985,88,99,2.04,RU,1610500530
Abia State,5.4167,7.5,23.30000000000001,89,0,0.56,NG,1610516607
Laguna-Rodrigo,40.9795,-4.4584,-2.2199999999999704,69,0,0.75,ES,1610523667
Oliete,40.9979,-0.6743,2.0,80,0,2.57,ES,1610522762
Corbetta,45.4672,8.9187,1.1100000000000136,89,1,1.34,IT,1610521286
Mamoudzou,-12.7797,45.2283,29.0,74,0,2.57,YT,1610505804
La Mothe,46.8202,6.5671,3.0,87,75,2.57,CH,1610522130
Viana do Castelo Municipality,41.709,-8.8467,6.110000000000014,87,6,1.73,PT,1610524845
Churwalden,46.7814,9.5438,-1.1099999999999568,74,40,4.12,CH,1610521408
Kalamnūri,19.6667,77.3333,24.0,64,38,1.54,IN,1610501256
Koekelberg,50.8667,4.3333,2.7800000000000296,93,0,4.63,BE,1610523613
Guyane,3.9989,-52.9999,20.870000000000005,100,100,0.66,GF,1610530996
Bovernier,46.079,7.0858,2.0,93,75,0.51,CH,1610521850
Bramel,53.55,8.7,3.0,93,75,6.17,DE,1610523311
Miranda do Douro Municipality,41.519,-6.3545,-2.2199999999999704,81,20,1.06,PT,1610524214
Departamento de Apóstoles,-27.9167,-55.75,20.189999999999998,97,71,2.1,AR,1610528367
Ascurra,-26.9553,-49.3756,23.33000000000004,93,100,0.46,BR,1610526957
Monção,-3.4917,-45.2511,22.629999999999995,98,100,0.63,BR,1610528430
Forst,49.1586,8.5808,0.5600000000000023,54,10,3.27,DE,1610522172
Gerblinghausen,47.9709,11.5646,-1.1099999999999568,89,91,0.45,DE,1610521182
Herricks,40.7554,-73.6668,3.0,69,20,2.06,US,1610453855
Regensdorf,47.4399,8.4713,2.0,93,75,1.03,CH,1610521807
Yigo Mayor's Office,13.5357,144.8931,30.0,70,40,6.69,GU,1610484412
Ganpu,30.3935,120.8897,14.0,23,0,4.0,CN,1610492040
Greenbelt,39.0046,-76.8755,1.670000000000016,80,1,1.43,US,1610454335
Puebla de Pedraza,41.1986,-3.9223,-2.2199999999999704,67,0,0.26,ES,1610523576
Warden,46.9676,-119.0397,10.560000000000002,87,90,9.38,US,1610465928
Moulins-lès-Metz,49.1032,6.1072,-1.1099999999999568,100,90,2.57,FR,1610522752
Kedungwuluh,-7.536,108.6873,30.170000000000016,64,100,0.45,ID,1610491086
Merkelbach,50.65,7.75,0.0,94,62,2.31,DE,1610522738
Crompond,41.2951,-73.8654,-0.5600000000000023,65,40,1.43,US,1610453995
Lichtenwörth,47.8333,16.2833,1.670000000000016,77,78,3.58,AT,1610520020
East Foothills,37.3811,-121.8175,13.0,67,90,2.57,US,1610464865
Pinkafeld,47.3776,16.107,0.0,94,44,1.76,AT,1610519961
Buftea,44.5614,25.9489,1.1100000000000136,100,90,2.06,RO,1610517021
Sur le Stockeu,50.3898,5.9334,1.670000000000016,100,90,4.12,BE,1610523107
Velyka Lepetykha,47.1757,33.9436,0.910000000000025,97,100,6.8,UA,1610515638
Parage,45.4139,19.4031,-1.0,93,0,2.06,RS,1610518760
Alosno,37.5526,-7.0516,2.2200000000000273,67,0,1.77,ES,1610523738
Bezirk Steckborn,47.6311,8.9438,1.1100000000000136,95,89,1.4,CH,1610521735
Valparaíso,-33.0393,-71.6273,9.0,100,0,1.03,CL,1610531495
Fraser Coast,-25.3414,152.6702,27.220000000000027,63,40,2.68,AU,1610478636
Crawfordsville,40.0411,-86.8745,-0.5600000000000023,86,1,4.63,US,1610456904
Nsanje District,-16.75,35.1667,24.129999999999995,90,100,1.55,MW,1610507812
Ōzu,33.5,132.55,10.0,62,20,4.12,JP,1610489653
Engelsdorf,50.0333,6.25,-1.1099999999999568,99,60,3.59,DE,1610522943
El Mochito,14.8667,-88.0833,16.99000000000001,100,64,0.83,HN,1610454056
Georges Plains,-33.5,149.5333,30.0,36,13,1.34,AU,1610478317
Cojasca,44.7167,25.85,0.0,100,90,2.06,RO,1610517075
Bokino,52.6374,41.4597,-15.039999999999964,94,100,3.47,RU,1610515187
Seuillet,46.2009,3.4738,8.0,100,75,2.57,FR,1610522742
Tarbarg,53.3333,7.8833,3.330000000000041,87,40,7.72,DE,1610523442
Penambangan,-6.9379,112.0609,29.200000000000045,78,98,4.94,ID,1610490333
Tiandu,18.2846,109.5823,22.0,40,0,3.0,CN,1610493371
Melfort,52.8667,-104.6177,-5.0,74,84,4.63,CA,1610463940
Ostfildern,48.7267,9.2514,0.5600000000000023,93,75,2.57,DE,1610521910
Teesdorf,47.95,16.2833,1.670000000000016,77,77,3.58,AT,1610520046
Legden,52.0333,7.1,1.670000000000016,78,62,1.79,DE,1610523260
Ugep,5.8086,8.0812,22.930000000000007,92,0,0.82,NG,1610516505
Freirachdorf,50.5833,7.7167,0.0,94,62,2.22,DE,1610522729
Ebersdorf,47.2,15.95,1.1100000000000136,93,75,1.03,AT,1610519960
Wulfsen,53.3,10.15,1.670000000000016,93,82,2.68,DE,1610522889
Bucaná,18.0052,-66.5913,22.78000000000003,79,8,0.45,PR,1610535627
Créhen,48.5455,-2.2131,10.0,93,90,7.2,FR,1610524618
Pyengana,-41.2833,148.0,19.5,69,99,2.19,AU,1610477417
Skagen,57.7209,10.5839,1.1100000000000136,87,100,2.24,DK,1610524294
Kent,51.1667,0.6667,1.1100000000000136,94,89,2.09,GB,1610524570
Abbateggio,42.2251,14.0111,3.890000000000043,100,60,0.51,IT,1610519452
Sterling,41.7886,-89.6962,-0.5600000000000023,93,1,4.41,US,1610457880
Rowville,-37.9333,145.2333,35.0,30,83,2.68,AU,1610478666
Bystrzyca,50.9605,17.397,0.5600000000000023,89,92,1.34,PL,1610520503
Igbon,11.2142,123.1655,25.200000000000045,83,100,6.23,PH,1610489399
Brazões,39.6143,-8.4521,2.7800000000000296,93,4,2.06,PT,1610524398
Plœuc-L'Hermitage,48.3462,-2.7568,8.890000000000043,100,93,5.08,FR,1610524703
Hâsbaïya,33.3978,35.685,22.0,28,100,2.57,LB,1610512884
Pitogo,10.1214,124.5533,29.0,70,40,6.17,PH,1610488960
Sada d'Arriba,43.3556,-8.2583,3.890000000000043,100,20,2.06,ES,1610525000
Léhon,48.4443,-2.0458,10.0,93,90,7.2,FR,1610524555
Converse,40.5775,-85.8733,0.0,86,1,4.12,US,1610456753
Mantalongon,9.8106,123.4617,27.0,78,90,6.17,PH,1610489191
Coubjours,45.2476,1.2575,8.330000000000041,98,100,2.24,FR,1610523080
Buena Vista,18.4243,-68.9582,22.27000000000004,90,30,4.38,DO,1610536238
Hermansverk,61.1846,6.8502,-6.669999999999959,90,46,0.89,NO,1610526781
Ciboleger,-6.5944,106.2255,30.560000000000002,73,100,3.09,ID,1610491768
Abondance,46.2803,6.7203,1.670000000000016,91,100,1.52,FR,1610521980
Vila Franca do Rosário,38.9742,-9.2551,3.890000000000043,80,0,1.03,PT,1610524488
Raci Kulon,-7.0005,112.5425,31.0,70,20,3.6,ID,1610490212
El Cobre,20.0489,-75.9469,23.0,88,20,2.06,CU,1610451681
Martinópole,-3.2256,-40.6967,22.370000000000005,94,64,0.97,BR,1610527362
San Giorgio a Cremano,40.8307,14.3376,8.890000000000043,70,0,1.54,IT,1610519132
Mondrainville,49.1394,-0.5133,9.0,100,90,6.69,FR,1610524349
Faryab Province,36.25,64.8333,6.670000000000016,55,0,0.35,AF,1610506293
Maracaibo,10.6317,-71.6406,25.450000000000045,74,58,3.39,VE,1610536103
Saint-Maurice-près-Pionsat,46.0667,2.6,7.78000000000003,96,100,1.79,FR,1610522924
Elton,52.4283,-8.4611,10.0,93,75,5.66,IE,1610527102
Fanjiazhai,34.5984,107.3988,10.510000000000048,35,0,1.36,CN,1610495841
Bayanbulag,45.0143,98.9276,-3.599999999999966,82,35,5.44,MN,1610499600
Oktibbeha County,33.4382,-88.83,-2.0,100,1,1.59,US,1610456379
Chabang Wahid,6.3277,99.731,29.0,70,40,3.6,MY,1610494554
Saint-Quentin-sur-Sauxillanges,45.5505,3.3934,8.0,76,90,2.57,FR,1610522628
Kondangrege,-7.2721,107.89,26.460000000000036,66,100,0.5,ID,1610491303
Hotonj,43.8947,18.3728,-4.0,100,75,0.51,BA,1610518711
Goczałkowice Zdrój,49.9445,18.9693,-0.5600000000000023,3,98,4.92,PL,1610519869
Codeso,42.8,-8.4,-0.5600000000000023,100,0,0.71,ES,1610524932
Brăneşti,44.45,26.3333,1.1100000000000136,100,90,1.54,RO,1610516907
Balugo,12.5792,121.4393,27.49000000000001,66,73,7.13,PH,1610489947
Salares,36.8546,-4.0243,7.220000000000027,64,0,1.44,ES,1610522906
Camporrobles,39.6218,-1.3718,2.7800000000000296,76,3,2.65,ES,1610522700
Province of Negros Occidental,10.4167,123.0,24.600000000000023,84,100,4.29,PH,1610489361
Itajubá,-22.4256,-45.4528,20.30000000000001,86,100,0.72,BR,1610526551
Nashdale,-33.2833,149.0333,30.560000000000002,41,42,1.34,AU,1610478468
Singtam,27.2333,88.5,20.52000000000004,50,94,1.25,IN,1610499424
Al Muzayri‘ah,35.5318,36.07,16.0,48,40,2.06,SY,1610513090
San Felipe,-32.75,-70.7333,9.82000000000005,69,0,0.52,CL,1610531322
Viby,55.5487,12.0239,2.2200000000000273,87,75,6.17,DK,1610523151
Santana do Itararé,-23.755,-49.6292,22.220000000000027,99,100,1.34,BR,1610527401
Sydney River,46.1168,-60.2151,-0.5600000000000023,93,90,3.6,CA,1610538004
Gargallo,40.8358,-0.5844,2.2200000000000273,80,2,2.57,ES,1610522713
San Francisco Zacacalco,19.9333,-98.9833,15.0,47,20,2.57,MX,1610457198
Kapitan-Dimitrievo,42.1,24.3333,3.330000000000041,75,20,5.66,BG,1610516953
Timmonsville,34.1349,-79.9398,6.110000000000014,93,90,1.89,US,1610454342
Monteagudo,41.9667,-1.6833,5.0,75,75,8.23,ES,1610523172
Dambulla,7.86,80.6517,27.360000000000014,75,68,4.16,LK,1610499280
Gielert,49.7667,7.0,-1.669999999999959,100,20,3.6,DE,1610522697
Castañuelas,19.7139,-71.4988,20.560000000000002,86,80,2.24,DO,1610536983
Okel,52.9333,8.8833,2.0,87,75,7.2,DE,1610523086
Cascina,43.6791,10.4994,3.330000000000041,100,40,2.06,IT,1610520560
Le Grand,37.2286,-120.2482,11.670000000000016,76,20,1.73,US,1610464465
Kalkan,36.2651,29.4137,15.310000000000002,78,100,4.69,TR,1610514795
Qiaomu,30.7037,118.0773,14.379999999999995,35,0,2.83,CN,1610492755
Lobão,40.9866,-8.4857,3.0,87,11,1.13,PT,1610524634
Madīnat ash Shamāl,26.1293,51.2009,16.0,59,0,3.6,QA,1610508245
Rain,48.6833,10.9,0.0,86,40,2.06,DE,1610521504
Mikulov,48.8056,16.6378,1.1100000000000136,100,42,5.84,CZ,1610520156
Padampur,27.8181,79.2587,14.650000000000034,36,0,2.77,IN,1610501712
Bruay-sur-l'Escaut,50.3992,3.5438,1.1100000000000136,93,90,2.06,FR,1610523683
Korseburg,51.0833,11.95,0.5600000000000023,89,65,2.24,DE,1610521842
Lorchhausen,50.05,7.7833,0.5600000000000023,90,5,0.45,DE,1610522579
Bezirk Schleitheim,47.75,8.5111,1.670000000000016,92,91,0.45,CH,1610521866
Qiaonan,34.3433,109.5926,8.330000000000041,34,0,3.18,CN,1610495279
Bry-sur-Marne,48.8381,2.5249,6.670000000000016,87,90,1.58,FR,1610523549
Novobureyskiy,49.798,129.8774,-15.289999999999964,93,100,2.21,RU,1610493228
Ar Rudayyif,34.3827,8.1555,8.0,56,0,3.09,TN,1610519626
Shiguai,40.7058,110.2856,-5.2099999999999795,73,0,3.29,CN,1610496088
Sulzbach,50.3,7.75,0.5600000000000023,85,32,2.42,DE,1610522649
Andrid,47.5167,22.35,0.0,93,90,2.57,RO,1610518494
Labuerda,42.4497,0.1162,-5.0,93,2,3.5,ES,1610522826
Sarakole,-6.3962,106.0722,27.610000000000014,74,100,2.26,ID,1610491823
Uhyst,51.3667,14.5167,0.5600000000000023,87,91,2.68,DE,1610521301
Sattur,9.3667,77.9333,24.0,94,75,1.03,IN,1610500077
Chiseldon,51.5161,-1.7321,5.560000000000002,100,90,3.18,GB,1610525238
Tysmenychany,48.7717,24.6663,-2.0,100,75,1.0,UA,1610518222
Naebugis,-8.5774,119.0069,31.49000000000001,65,35,1.74,ID,1610488507
Caldono,2.7974,-76.4832,13.560000000000002,88,73,1.61,CO,1610450100
Schirmitz,49.65,12.1667,-1.0,93,90,3.09,DE,1610521429
Dmitriyevskoye,58.3364,42.3578,-28.639999999999986,88,3,2.44,RU,1610516925
Werpeloh,52.8833,7.5,2.2200000000000273,87,78,4.63,DE,1610523403
Bathorn,52.5833,6.95,2.2200000000000273,95,76,0.89,DE,1610523449
Fornalutx,39.7823,2.7411,5.0,93,0,0.51,ES,1610521740
Heinde,52.1,10.0333,2.2200000000000273,91,60,1.34,DE,1610522575
Karahan,38.4167,38.1167,4.0,100,90,2.06,TR,1610513033
Ningteh,26.6617,119.5228,14.560000000000002,34,0,1.32,CN,1610491911
Ranelagh,-43.0,147.0333,26.110000000000014,45,46,3.58,AU,1610477322
Glinojeck,52.8198,20.292,-1.0,93,75,6.69,PL,1610520316
Hieflau,47.5917,14.769,-7.0,93,75,1.54,AT,1610520329
Bas-en-Basset,45.3065,4.109,5.0,100,90,3.09,FR,1610522408
Ahetze,43.4,-1.5667,9.0,93,90,3.09,FR,1610523403
La Feuillie,49.1767,-1.4785,10.0,100,90,8.23,FR,1610524589
Villalba de los Barros,38.6383,-6.5488,2.2200000000000273,67,1,1.34,ES,1610523785
Villarmuerto,41.0652,-6.3501,-5.0,90,17,1.58,ES,1610524135
Riegsee,47.6987,11.2339,-0.5600000000000023,89,100,1.34,DE,1610521201
Ruwer,49.7833,6.7167,-1.0,93,90,2.06,DE,1610522769
Matagami,49.7502,-77.6328,-2.0,93,90,4.12,CA,1610456635
Henderson,35.4392,-88.6414,-3.0,100,1,1.94,US,1610456615
Frankfurt am Main,50.1167,8.6833,1.1100000000000136,86,20,1.03,DE,1610522380
Mangarine,12.3512,121.098,28.210000000000036,65,86,1.92,PH,1610490007
Lanzendorf,48.1106,16.445,2.0,64,75,8.75,AT,1610520043
Kichow,30.0667,115.3333,12.53000000000003,40,0,1.18,CN,1610493332
Pāvilosta,56.8879,21.1859,-1.0,100,90,1.03,LV,1610521431
Seisan-ri,35.1,128.0667,10.0,34,90,1.54,KR,1610490952
Krottorf,51.9667,11.1833,1.670000000000016,94,90,1.79,DE,1610522262
Dongcheng,30.351,112.1882,12.390000000000043,39,0,1.62,CN,1610494123
Nova Petrópolis,-29.3764,-51.1144,21.670000000000016,97,100,0.89,BR,1610527067
Oppido Mamertina,38.2934,15.9839,11.670000000000016,97,100,5.49,IT,1610518324
Yengarie,-25.5667,152.6167,27.220000000000027,63,55,2.68,AU,1610478622
Fontenermont,48.8236,-1.105,9.0,100,90,6.69,FR,1610524417
Butte,46.0038,-112.5347,5.0,60,40,2.57,US,1610464163
Llutxent,38.9435,-0.3338,5.560000000000002,5,0,1.34,ES,1610522342
Vilademuls,42.132,2.8635,3.890000000000043,81,0,0.45,ES,1610522110
Tynong,-38.0833,145.6167,32.78000000000003,43,80,2.24,AU,1610478549
Morpeth,55.1676,-1.6912,0.0,86,100,1.54,GB,1610526313
Lunas,44.9167,0.4,9.0,100,90,5.14,FR,1610523220
Junlian,28.1711,104.5116,10.189999999999998,48,0,1.77,CN,1610495694
Jagüey Grande,22.5269,-81.1286,22.0,100,98,2.06,CU,1610453194
Villatoro,40.5315,-5.1025,-4.439999999999998,69,41,0.74,ES,1610523746
Eningen unter Achalm,48.4866,9.2592,0.0,93,75,2.57,DE,1610521852
Borovikova,57.594,64.0305,-30.049999999999983,86,12,2.06,RU,1610511427
Alsace Region,48.5,7.5,0.5600000000000023,93,75,2.06,FR,1610522277
Pontyberem,51.7783,-4.1689,8.0,100,75,3.6,GB,1610525893
Königsbach-Stein,48.9667,8.6167,0.5600000000000023,94,35,3.28,DE,1610522118
Bohonal de Ibor,39.795,-5.4525,-1.1099999999999568,78,10,0.61,ES,1610523708
Vila Real,41.3006,-7.7441,1.1400000000000432,86,21,0.96,PT,1610524510
Wood County,39.2001,-81.5012,-4.439999999999998,93,1,2.43,US,1610455477
Wallernhausen,50.4,9.0167,2.2200000000000273,91,15,2.37,DE,1610522370
Walnut Grove,32.5904,-89.4584,-1.669999999999959,97,0,0.98,US,1610456414
Hempsted,51.85,-2.2667,6.110000000000014,89,100,7.15,GB,1610525456
Garston,51.6833,-0.3833,1.670000000000016,100,75,0.51,GB,1610524960
Altdorf,48.5942,9.2713,0.5600000000000023,93,75,2.57,DE,1610521874
Wattwil,47.2907,9.087,1.670000000000016,91,100,2.31,CH,1610521627
Fensdorf,50.7333,7.7667,0.0,94,56,2.5,DE,1610522755
Radnor,40.0462,-75.3599,2.2200000000000273,86,90,1.54,US,1610454142
Cipaku,-7.3707,107.7551,22.470000000000027,80,97,0.88,ID,1610491325
Sulat,11.8103,125.4544,25.840000000000032,90,100,3.78,PH,1610488908
Río Grande,-53.7877,-67.7095,6.0,81,0,6.69,AR,1610526162
Burbank,46.1999,-119.0131,15.560000000000002,66,90,5.66,US,1610465759
Villar del Salz,40.682,-1.4997,2.0,80,0,2.57,ES,1610522907
Dakar,-0.7,10.2167,23.230000000000018,94,100,1.52,GA,1610515378
Tanbu,28.1164,114.2157,14.660000000000025,34,0,1.87,CN,1610493359
Gouvernorat de Médenine,33.3333,11.0,12.0,54,20,7.72,TN,1610518799
Sathankulam,8.4416,77.9135,25.0,100,90,5.14,IN,1610499993
Tordesilos,40.6707,-1.5937,2.0,80,0,2.57,ES,1610522927
Orlovskiy,46.8714,42.0592,3.2600000000000477,94,100,11.42,RU,1610513626
Fussingen,50.5167,8.1167,0.5600000000000023,94,22,2.67,DE,1610522616
Kaden,50.55,7.9,0.5600000000000023,94,50,2.52,DE,1610522676
Kongoussi,13.3258,-1.5347,19.200000000000045,22,0,3.42,BF,1610519539
Burgsteinfurt,52.15,7.3333,1.670000000000016,84,61,0.89,DE,1610523236
Bimbi,-34.05,147.95,36.68000000000001,13,3,2.68,AU,1610478617
Artannes-sur-Indre,47.2745,0.6004,10.0,93,90,5.14,FR,1610523659
Riocaud,44.7667,0.2,9.0,100,90,5.14,FR,1610523239
Lope de Vega,12.2983,124.6238,24.33000000000004,94,100,4.07,PH,1610489155
Cairo,30.0626,31.2497,20.0,52,40,6.69,EG,1610513511
Elektrogorsk,55.8794,38.7919,-12.0,85,90,4.0,RU,1610516845
Relíquias,37.6961,-8.5334,0.0,74,0,1.03,PT,1610524115
Piney,48.3667,4.3333,4.0,93,90,1.23,FR,1610523007
Zhuangta,29.6282,110.9011,13.890000000000043,30,0,1.17,CN,1610494341
Ostrov,43.6667,24.1333,1.0,93,90,2.06,BG,1610517286
Earlsfield,51.4439,-0.1854,2.2200000000000273,93,90,1.54,GB,1610524848
Fortuna,38.1814,-1.1259,5.0,55,0,0.45,ES,1610522412
Villalobos,41.9471,-5.4873,-1.669999999999959,100,0,1.54,ES,1610524081
Ganyesa,-26.5961,24.1761,20.79000000000002,72,36,3.95,ZA,1610509339
Fuente Vera,37.7331,-2.7883,0.5600000000000023,85,0,0.49,ES,1610522742
Zongozotla,19.9833,-97.7333,10.03000000000003,82,79,0.63,MX,1610456903
Shallowater,33.689,-101.9982,-0.5600000000000023,93,1,5.14,US,1610459573
Shiga Prefecture,35.2194,136.1365,9.439999999999998,58,11,1.79,JP,1610489033
Meadela,41.7065,-8.7963,6.110000000000014,87,7,1.57,PT,1610524833
Oberbrombach,49.7,7.2667,-1.669999999999959,100,20,3.6,DE,1610522617
Mansilingan,10.6311,122.9789,24.660000000000025,84,100,5.73,PH,1610489387
Ladysmith,-35.2,147.5167,38.89000000000004,12,0,2.57,AU,1610478549
Vysokovo,55.1036,37.1806,-10.0,92,90,4.0,RU,1610516969
Vila Verde,39.1549,-9.1151,5.560000000000002,21,0,0.72,PT,1610524483
Marneuli,41.4759,44.8089,4.0,100,90,1.06,GE,1610511931
Harburg,53.4667,9.9833,3.330000000000041,93,90,6.69,DE,1610522978
Thanstein,49.3797,12.4697,-1.669999999999959,92,81,1.34,DE,1610521291
Chiapa de Corzo,16.7,-93.0,19.0,72,40,3.09,MX,1610455423
Sandim,41.0351,-8.507,3.0,87,11,1.16,PT,1610524648
Villalba de Duero,41.6824,-3.7444,-2.909999999999968,95,0,0.93,ES,1610523616
Payerbach,47.6921,15.8634,1.670000000000016,94,92,3.72,AT,1610520089
Cintawana,-7.3552,108.1053,29.74000000000001,60,99,0.45,ID,1610491243
Lăpuşna,46.8842,28.4119,-2.0,86,20,2.06,MD,1610516903
Nsanje,-16.92,35.262,25.189999999999998,88,100,0.88,MW,1610507771
Übereisenbach,50.0,6.15,-0.5600000000000023,95,65,1.34,DE,1610522958
Chisago,45.5005,-92.9002,-3.8899999999999864,98,51,2.5,US,1610459350
Sehithwa,-20.4667,22.7167,23.060000000000002,79,62,3.16,BW,1610510402
Appignano,43.3628,13.3477,3.890000000000043,100,9,1.03,IT,1610519817
San Pedro Comitancillo,16.4853,-95.1561,19.850000000000023,65,0,6.58,MX,1610455918
Livo,46.4047,11.0193,-3.329999999999984,73,0,5.14,IT,1610520974
Sumberingin Kulon,-8.1272,111.9898,29.090000000000032,73,100,5.19,ID,1610490235
Melrand,47.98,-3.1094,9.0,93,90,3.6,FR,1610524705
Yigou,35.8114,114.3167,13.53000000000003,29,0,2.34,CN,1610494354
Vesly,49.25,-1.5,10.0,100,90,8.23,FR,1610524612
Valga,42.6979,-8.6396,-0.5600000000000023,100,6,1.08,ES,1610524971
Requejo,42.0304,-6.7423,0.5600000000000023,69,32,1.3,ES,1610524397
Alpeñés,40.8052,-1.0775,2.0,80,0,2.57,ES,1610522826
Oberzelg,46.7833,7.6333,3.890000000000043,100,75,0.51,CH,1610521866
Oberglaucha,51.55,12.5833,1.670000000000016,86,75,7.72,DE,1610521813
Kunice,51.2223,16.2481,1.1100000000000136,86,75,6.69,PL,1610520847
Landiras,44.567,-0.4154,9.0,100,90,4.12,FR,1610523348
Acaiaca,-20.3625,-43.1447,21.350000000000023,91,89,1.71,BR,1610526227
Plogastel-Saint-Germain,47.9833,-4.2667,9.0,93,75,3.6,FR,1610524983
Croissy-sur-Seine,48.8793,2.1384,6.670000000000016,93,90,1.56,FR,1610523652
Voldynskoye,56.3333,37.4833,-13.0,85,90,5.0,RU,1610517320
Youxikou,29.1242,118.1974,13.400000000000034,35,0,1.71,CN,1610492527
Port de Pollença,39.9075,3.0814,5.0,93,0,0.51,ES,1610521679
Grünsfeld,49.6083,9.7439,-1.669999999999959,93,75,3.09,DE,1610522000
West Lafayette,40.2753,-81.751,-4.439999999999998,91,11,3.36,US,1610455714
Portilla,40.3182,-2.0779,-2.659999999999968,91,0,1.98,ES,1610522984
Lypova Dolyna,50.5643,33.7979,-4.349999999999966,95,100,7.46,UA,1610516467
Aguiló,41.5528,1.4184,2.7800000000000296,100,42,2.22,ES,1610522355
Pantao-Ragat,8.0567,124.1525,23.660000000000025,87,100,2.77,PH,1610488857
Taguatinga,-12.3857,-46.5711,22.58000000000004,81,38,0.8,BR,1610527884
Ragan Norte,17.3256,121.7742,22.090000000000032,86,100,1.3,PH,1610490345
Vulcăneşti,45.6842,28.4028,-0.5600000000000023,94,100,1.94,MD,1610516655
Athleague,53.5667,-8.25,10.600000000000023,94,100,6.61,IE,1610527382
Phatthalung,7.6179,100.0779,30.560000000000002,69,20,3.09,TH,1610494594
Chenqi,34.6864,103.8427,2.2800000000000296,41,0,1.35,CN,1610496707
Neumarkt-Sankt Veit,48.3667,12.5,-0.5600000000000023,94,65,4.08,DE,1610521047
Ballaigues,46.7305,6.4156,2.7800000000000296,93,99,0.45,CH,1610522147
Pomán,-28.3946,-66.2205,21.110000000000014,91,26,0.58,AR,1610530821
Gunungbitung,-7.315,107.0919,27.32000000000005,66,100,2.95,ID,1610491490
Carrabelle,29.8533,-84.6644,9.0,87,90,1.54,US,1610454907
Pravets,42.8833,23.9167,-0.5600000000000023,86,90,4.12,BG,1610517193
Oltrona di San Mamette,45.756,8.9779,3.890000000000043,75,1,0.89,IT,1610521330
Şurmān,32.7567,12.5716,13.020000000000039,61,44,6.98,LY,1610518344
Ellbögen,47.1667,11.45,1.0,93,75,1.03,AT,1610521033
Tlamacazapa,18.5167,-99.5,17.220000000000027,69,23,1.9,MX,1610457172
Maihingen,48.9333,10.5,-1.669999999999959,91,56,0.89,DE,1610521658
Villa Guillermina,-28.2426,-59.4544,21.379999999999995,87,31,2.74,AR,1610529216
Herzebrock,51.8833,8.25,1.1100000000000136,94,44,2.24,DE,1610522943
Czarnków,52.9021,16.5641,0.0,93,75,5.66,PL,1610521234
Xinan,26.72,119.8556,11.510000000000048,40,0,1.42,CN,1610491838
Hassan,13.0006,76.0994,22.810000000000002,42,32,6.91,IN,1610500872
Lufkin,31.3382,-94.7291,7.0,65,90,1.22,US,1610457513
San Llorente,41.6898,-4.0689,-1.669999999999959,100,0,1.54,ES,1610523696
Les Loges,49.6986,0.284,7.0,93,90,2.06,FR,1610524292
Kangarilla,-35.15,138.65,26.110000000000014,44,59,6.11,AU,1610480686
Getulio,10.747,122.666,26.860000000000014,76,100,7.47,PH,1610489473
Brienz,46.7545,8.0385,3.0,93,90,2.06,CH,1610521763
Sant Joan de Vilatorrada,41.7455,1.8048,1.1100000000000136,80,2,1.34,ES,1610522296
Kagal'nik,47.0769,39.323,0.5600000000000023,93,100,5.81,RU,1610514326
Strazha,61.2333,47.8333,-26.70999999999998,88,1,1.98,RU,1610516982
Barderup,54.7167,9.3833,3.0,87,46,11.32,DE,1610523510
Huayuan,34.075,119.45,9.810000000000002,50,0,4.18,CN,1610492876
San Felipe Torres Mochas [Ganadería],21.27,-101.4922,11.0,50,40,1.4,MX,1610457944
Kozova,49.4354,25.1509,-2.909999999999968,98,71,2.75,UA,1610518263
Queanbeyan,-35.4197,149.2284,34.44,21,40,6.17,AU,1610478105
Pandeglang,-6.3084,106.1067,30.560000000000002,74,75,6.17,ID,1610491824
Egg,47.5878,7.961,1.670000000000016,97,100,1.68,DE,1610521962
Burgos,18.5121,120.6445,27.0,65,75,3.09,PH,1610490739
Coarnele Caprei,47.3833,27.1,-1.1099999999999568,92,75,0.89,RO,1610517325
Gaplek,-8.1294,113.6275,28.060000000000002,77,99,2.99,ID,1610489842
Salinas,-16.1703,-42.2903,19.930000000000007,91,27,1.0,BR,1610526470
The Groves,47.036,-52.8856,-1.1099999999999568,92,100,2.83,CA,1610536439
Novgrad,43.6,25.5833,0.5600000000000023,100,90,1.03,BG,1610516926
Birpara,26.7042,89.1455,21.29000000000002,50,52,1.96,IN,1610499206
Mauer,48.85,9.0667,0.5600000000000023,93,75,2.57,DE,1610521983
Cea,42.4749,-7.9874,-0.5600000000000023,100,14,0.58,ES,1610524774
Valdelarco,37.9458,-6.6607,-0.9099999999999682,81,0,1.01,ES,1610523704
Pestovo,56.7,43.4667,-26.669999999999987,76,40,3.0,RU,1610516018
Prémesques,50.65,2.95,2.2200000000000273,93,0,2.06,FR,1610523889
Zhushan,29.9945,109.4791,12.590000000000032,39,18,0.77,CN,1610494728
Bijrauni,24.9167,77.6333,18.430000000000007,26,0,1.5,IN,1610501761
Point Pass,-34.0833,139.05,30.560000000000002,37,98,15.2,AU,1610480749
Farpen,53.9667,11.55,2.7800000000000296,94,72,4.02,DE,1610522754
Bösperde,51.4667,7.7667,2.2200000000000273,87,75,5.66,DE,1610522947
Morciano di Leuca,39.8478,18.3124,5.0,93,0,2.57,IT,1610518014
Murphys Cove,47.4499,-54.4649,-1.259999999999991,94,100,2.41,CA,1610536908
Triwil,-6.7204,111.0994,28.950000000000045,76,100,5.16,ID,1610490585
Tacherting,48.0833,12.5667,-0.5600000000000023,79,80,3.87,DE,1610520967
Dmitrovsk-Orlovskiy,52.505,35.1464,-7.789999999999964,96,94,5.89,RU,1610516664
Ruthenbeck,53.5313,11.7073,1.670000000000016,96,57,6.71,DE,1610522584
Dęblin,51.5673,21.8743,1.670000000000016,50,100,8.28,PL,1610519589
Purwosari,-6.8884,111.6619,29.27000000000004,77,100,5.14,ID,1610490434
Zagorá,39.45,23.1,5.0,81,20,3.09,GR,1610516801
Alken,50.8755,5.3056,1.0,93,75,3.09,BE,1610523382
Dubovka,49.0583,44.829,-3.0,86,90,10.0,RU,1610513452
Hatay Province,36.5,36.25,8.0,100,75,1.03,TR,1610513189
Morungaba,-22.88,-46.7917,24.439999999999998,94,75,3.09,BR,1610526820
Irosin,12.7026,124.0362,25.52000000000004,82,93,4.4,PH,1610489336
Stob,42.0833,23.1167,0.0,88,55,0.94,BG,1610517242
Kobyłka,52.3395,21.1959,1.1100000000000136,93,100,6.43,PL,1610519963
Idanha-a-Nova Municipality,39.9296,-7.2369,1.670000000000016,85,9,0.62,PT,1610524158
Capriolo,45.6353,9.9324,3.890000000000043,86,0,2.06,IT,1610521077
Bruck in der Oberpfalz,49.25,12.3,0.0,86,90,1.54,DE,1610521301
Brisas del Sol,-36.7739,-73.078,12.0,76,0,3.09,CL,1610531284
Lollschied,50.2667,7.8667,0.5600000000000023,95,21,0.89,DE,1610522613
Hontecillas,39.6852,-2.1995,-1.2999999999999545,92,0,3.36,ES,1610522909
Rankweil,47.2764,9.6303,1.1100000000000136,95,100,2.24,AT,1610521493
Villalube,41.6101,-5.5455,-2.2199999999999704,81,5,1.02,ES,1610524036
Maoqi,40.7929,122.6935,-4.92999999999995,72,46,4.66,CN,1610493126
Lakhdaria,36.5646,3.5933,6.0,93,20,2.57,DZ,1610521035
Pancorbo,42.6686,-3.1325,2.0,87,90,2.06,ES,1610523644
Raddestorf,52.45,8.9667,2.7800000000000296,87,94,7.72,DE,1610522928
Krasnyy Kurgan,43.9422,42.6108,-1.0,93,75,5.0,RU,1610512905
Snowtown,-33.7833,138.2167,30.560000000000002,36,97,6.71,AU,1610480993
Garunggang,-7.4659,108.2234,29.77000000000004,61,100,0.7,ID,1610491204
Beuzeville,49.3448,0.3425,7.0,100,90,3.09,FR,1610524192
Higashiosaka,34.6667,135.5833,11.110000000000014,57,20,5.66,JP,1610489087
Soldier's Cove,47.7999,-54.2149,-1.9499999999999886,95,100,2.41,CA,1610536925
Magugpo Poblacion,7.4478,125.8078,31.0,66,40,3.6,PH,1610488401
Burdaard,53.2942,5.879,4.0,81,75,7.72,NL,1610523912
Finca Juanita,18.0022,-67.0535,23.33000000000004,93,4,0.45,PR,1610535737
Eppenrod,50.4167,7.9333,0.5600000000000023,94,33,2.58,DE,1610522635
Auma,50.7,11.9333,0.5600000000000023,68,25,4.59,DE,1610521747
Pantitlán,19.4167,-99.0667,15.0,47,20,2.57,MX,1610457163
Varennes-sur-Morge,45.9333,3.1833,8.0,76,90,2.57,FR,1610522756
Maerdy,51.6753,-3.4867,6.670000000000016,95,100,2.93,GB,1610525702
Castell,49.7411,10.3508,-1.0,100,75,4.12,DE,1610521887
Lima Duarte,-21.8425,-43.7931,21.110000000000014,96,94,0.95,BR,1610526218
Alatyr',54.8421,46.5813,-26.849999999999966,88,18,1.63,RU,1610514628
Laurignano,39.2667,16.2333,-1.0,100,90,3.6,IT,1610518419
Danyang,26.3522,119.4814,14.0,33,0,3.0,CN,1610491884
Croisilles,50.1998,2.8794,1.1100000000000136,100,64,2.57,FR,1610523793
Oxchuc,16.85,-92.4167,11.050000000000011,100,95,0.64,MX,1610455298
Xiliu,34.1503,108.7911,12.0,22,0,4.0,CN,1610495444
Trebsen,51.289,12.755,1.670000000000016,77,34,6.66,DE,1610521703
Tápióbicske,47.361,19.6861,-1.0,93,40,1.54,HU,1610519099
Auburn,42.9317,-76.566,0.0,93,90,1.54,US,1610454935
Pendra,22.7667,81.95,19.939999999999998,24,0,2.58,IN,1610500483
Maffliers,49.0776,2.3077,6.110000000000014,87,90,1.56,FR,1610523657
Budy,49.8934,36.0224,-5.0,93,75,5.0,UA,1610515766
Komletinci,45.1497,18.9492,-1.0,93,0,2.06,HR,1610518816
Arealva,-22.0286,-48.9111,22.220000000000027,98,100,1.79,BR,1610527426
Gap,44.5667,6.0833,1.410000000000025,86,28,2.99,FR,1610521788
Matadeón de los Oteros,42.3387,-5.3757,-1.1099999999999568,92,0,0.51,ES,1610524123
Wasserauen,47.2834,9.4258,1.1100000000000136,97,100,2.29,CH,1610521544
Gradiste,44.7567,21.5136,-0.5600000000000023,91,100,0.92,RS,1610518123
Kozlaki,56.7,37.2,-16.739999999999952,93,98,3.37,RU,1610517521
Jabłonna Lacka,52.4766,22.4423,0.5600000000000023,88,100,2.63,PL,1610519703
Zagora,30.3045,-5.8352,3.900000000000034,63,0,0.81,MA,1610522441
Purpe,64.4803,76.6897,-19.109999999999985,92,98,7.53,RU,1610512180
Rossignol,45.0942,0.6933,9.0,100,90,5.14,FR,1610523185
L’Étage,12.1833,-61.6333,25.0,83,20,3.09,GD,1610533852
Ylöjärvi,61.5563,23.5961,-7.21999999999997,86,90,6.69,FI,1610522969
Elmenhorst,54.2167,13.0667,1.0,93,75,5.66,DE,1610522468
Hönisch,52.9167,9.2167,2.0,87,75,7.2,DE,1610523001
Schülp,54.25,8.9333,2.2200000000000273,92,68,1.79,DE,1610523469
Hadlikon,47.2875,8.8572,0.5600000000000023,91,99,1.63,CH,1610521681
Berchogur,48.4594,58.5514,-19.42999999999998,87,0,1.65,KZ,1610510021
Kawoyang,-6.2428,105.8627,25.879999999999995,82,100,3.65,ID,1610491889
Mouzon,49.6,5.0833,0.0,98,89,1.93,FR,1610523116
El Astillero,43.4025,-3.8275,8.890000000000043,71,75,4.12,ES,1610523945
Hardisleben,51.1667,11.4167,1.1100000000000136,87,32,6.32,DE,1610521992
Cirimido,45.6998,9.0125,3.890000000000043,75,1,0.89,IT,1610521310
Tongqu,24.0471,115.3768,17.350000000000023,25,0,1.3,CN,1610492604
Guern,48.0296,-3.0915,9.0,93,90,3.6,FR,1610524712
Numan,9.4667,12.0333,18.930000000000007,26,4,1.17,NG,1610515906
Piedratajada,42.1133,-0.7799,5.560000000000002,93,2,4.39,ES,1610522981
Bregieira,40.235,-8.6915,5.560000000000002,79,4,1.6,PT,1610524557
Roz-sur-Couesnon,48.5887,-1.5921,10.0,93,90,7.2,FR,1610524479
Gmina Końskie,51.1917,20.4061,0.0,1,80,3.99,PL,1610519842
Antwerp Province,51.1667,4.8333,1.670000000000016,99,79,0.45,BE,1610523571
Gubukjero Timuk,-8.5605,116.4792,30.0,79,40,4.63,ID,1610489115
Boeschepe,50.8,2.7,2.2200000000000273,91,76,3.14,FR,1610523988
Tifni,31.6278,-6.9409,-0.15999999999996817,78,0,1.7,MA,1610522877
Posses,-18.2833,-49.0,22.430000000000007,82,99,0.72,BR,1610527859
Gemeente Gouda,52.0,4.7,5.0,81,40,4.63,NL,1610523826
Aubertin,43.2667,-0.4833,6.0,100,90,3.09,FR,1610523118
Cranley,-27.5167,151.95,29.0,39,31,6.69,AU,1610478542
Jūrokuban,30.6,130.9833,13.0,54,40,4.63,JP,1610489644
San Patricio,-26.9667,-56.8167,19.950000000000045,97,92,2.29,PY,1610528742
Al ‘Arīsh,31.1316,33.7984,19.600000000000023,45,100,7.52,EG,1610513036
Hopfgarten,50.9833,11.2667,0.5600000000000023,88,0,1.79,DE,1610521980
Gainsborough,49.1667,-101.4509,-4.439999999999998,92,84,1.79,CA,1610462207
Greppen,47.0551,8.4303,2.7800000000000296,93,75,1.03,CH,1610521733
Sinamaica,11.0852,-71.8536,25.28000000000003,80,48,6.15,VE,1610536198
Baimu,28.0013,114.4321,13.890000000000043,36,0,1.84,CN,1610493293
Victoria,21.2108,-100.2119,14.0,51,40,3.6,MX,1610457630
Wewoka,35.1587,-96.4933,3.0,64,1,2.06,US,1610458459
Riley Creek,50.6147,-121.88,5.0,100,90,1.54,CA,1610467466
Altenberg bei Linz,48.3728,14.3503,1.0,80,20,7.72,AT,1610520605
Luz,37.0922,-7.7043,3.0,75,0,3.09,PT,1610523824
Ifakara,-8.1333,36.6833,23.83000000000004,86,100,0.78,TZ,1610508314
Undeloh,53.1971,9.9758,1.670000000000016,93,75,5.14,DE,1610522900
Leales,-27.1952,-65.3089,21.0,88,40,2.06,AR,1610530753
Roturas,41.6703,-4.1078,-1.669999999999959,100,0,1.54,ES,1610523701
Malsch,49.2472,8.6828,-0.5600000000000023,54,0,3.31,DE,1610522168
Alquife,37.1802,-3.1155,0.5600000000000023,36,0,0.5,ES,1610522737
Couterne,48.5132,-0.4154,10.0,93,90,5.14,FR,1610524179
Gimcheon,36.1218,128.1198,5.0,52,75,1.03,KR,1610491088
Saint-Maur-des-Bois,48.8167,-1.15,9.0,100,90,6.69,FR,1610524426
Südergellersen,53.2167,10.3,1.670000000000016,93,87,2.68,DE,1610522828
Lynnfield,42.539,-71.0481,2.2200000000000273,64,75,3.09,US,1610453539
Dashbalbar,49.5457,114.4029,-19.079999999999984,69,0,6.15,MN,1610496878
Turku,60.5333,22.3333,-4.0,93,90,5.66,FI,1610522731
Selong,-8.6503,116.5318,30.0,79,40,4.63,ID,1610489094
Villargondran,45.2711,6.3695,2.2200000000000273,95,100,1.65,FR,1610521858
Pukou,26.5222,109.5558,15.160000000000025,34,61,1.1,CN,1610494286
Ŭijin-dong,40.9752,126.4958,-3.109999999999957,92,100,3.31,KP,1610492244
Gallegos del Río,41.7354,-6.1748,-2.2199999999999704,81,21,0.93,ES,1610524209
Dongcheng,40.4054,122.372,-3.7099999999999795,76,50,5.19,CN,1610493138
Hernád,47.1624,19.4329,0.0,86,90,4.12,HU,1610519117
Barice,44.5406,18.4811,-4.0,100,75,1.03,BA,1610518809
Klein-Dannewerk,54.4833,9.5,1.670000000000016,93,43,6.69,DE,1610523407
Imeni Vorovskogo,55.7233,38.3414,-11.0,85,90,4.0,RU,1610516899
Kerhonkson,41.7748,-74.2982,-1.1099999999999568,85,36,1.51,US,1610454183
Eboli,40.6142,15.0579,7.78000000000003,82,78,0.79,IT,1610518922
Karwitz,53.0884,11.0166,1.670000000000016,93,94,2.68,DE,1610522619
Hanmer,52.9578,-2.8317,2.2200000000000273,93,75,0.51,GB,1610525903
Deganwy,53.3045,-3.8274,5.560000000000002,96,99,0.45,GB,1610526243
Morrin,51.6668,-112.7852,7.0,70,64,4.12,CA,1610465562
Erzin,36.9559,36.2,13.0,100,75,1.03,TR,1610513269
Nam Som,17.7704,102.1895,22.78000000000003,42,45,1.03,TH,1610495092
Sanzhou,25.5926,116.3787,17.640000000000043,25,0,0.82,CN,1610492540
Carrascosa de la Sierra,41.9136,-2.2567,3.0,75,90,6.17,ES,1610523300
Lutterbek,54.4,10.2833,1.0,93,88,4.63,DE,1610523193
Piquerobi,-21.8675,-51.7286,23.0,100,0,0.56,BR,1610528121
Ufa,54.775,56.0375,-25.559999999999974,76,90,1.63,RU,1610512339
Krasnoye-na-Volge,57.5125,41.2419,-23.99999999999997,84,0,3.0,RU,1610516860
Darnewitz,52.65,11.7167,2.2200000000000273,79,88,3.13,DE,1610522325
Taide,41.5557,-8.2351,3.0,87,8,1.36,PT,1610524672
Nichelino,44.994,7.6418,3.330000000000041,74,0,2.57,IT,1610521498
Dolna Kremena,43.1667,23.7333,1.0,86,90,4.12,BG,1610517289
Kailāshahar,24.3333,92.0167,25.78000000000003,40,23,0.7,IN,1610498243
Kritzow,53.4462,12.1315,1.1100000000000136,94,51,6.42,DE,1610522457
Bargum,54.7,8.95,3.0,87,75,11.32,DE,1610523608
Povorino,51.1945,42.2457,-9.439999999999998,92,100,4.42,RU,1610514604
Sillano,44.224,10.3014,5.560000000000002,63,25,16.98,IT,1610520710
Santana do Paraíso,-19.3636,-42.5686,20.160000000000025,96,38,1.24,BR,1610526198
Bible Hill,45.3669,-63.282,-4.0,86,94,2.57,CA,1610538588
Tauragė,55.2522,22.2897,-1.9499999999999886,99,100,1.92,LT,1610520590
Somerset,-41.0406,145.8306,18.890000000000043,83,100,2.24,AU,1610477983
Zamayón,41.1604,-5.8278,-2.2199999999999704,85,0,1.39,ES,1610524026
El Reno,35.5323,-97.955,1.670000000000016,86,1,4.12,US,1610458864
Oliveirinha,40.5979,-8.5961,1.670000000000016,87,15,1.58,PT,1610524595
Kacangan Lor,-7.147,111.6679,30.100000000000023,74,100,3.67,ID,1610490408
Hoyos del Espino,40.3562,-5.1751,-1.1099999999999568,69,42,1.96,ES,1610523734
Coulsdon,51.32,-0.1409,2.7800000000000296,93,75,1.03,GB,1610524805
Biere,51.9743,11.6544,1.1100000000000136,90,66,2.68,DE,1610522151
Kulti,23.7333,86.85,21.670000000000016,77,40,3.09,IN,1610499415
Tourriers,45.7972,0.1917,9.439999999999998,93,90,5.66,FR,1610523446
Oko,6.2995,5.5938,23.189999999999998,96,0,0.4,NG,1610517148
Domingo Pérez,39.9766,-4.5055,-1.669999999999959,74,3,1.6,ES,1610523510
Mont-Saint-Martin,49.5333,5.7833,-0.5600000000000023,92,97,2.75,FR,1610522932
Valleruela de Pedraza,41.1725,-3.8231,-2.2199999999999704,67,0,0.5,ES,1610523547
Sankt Gallen,47.6614,14.6053,1.1100000000000136,93,75,1.54,AT,1610520384
Köditz,50.3333,11.85,-1.669999999999959,94,33,7.15,DE,1610521674
Cocachacra,-17.0883,-71.7575,20.420000000000016,76,96,1.11,PE,1610447012
Mincha,-36.0167,144.0833,35.56,17,99,0.89,AU,1610479248
Montmain,49.41,1.2374,6.670000000000016,100,90,2.57,FR,1610523993
Fosses-la-Ville,50.3958,4.6975,1.670000000000016,93,75,3.09,BE,1610523405
Al Burj,31.4361,34.917,20.0,40,100,1.79,PS,1610512807
Stevenage,51.9022,-0.2026,1.0,93,75,2.57,GB,1610524976
Cerro Azul,-24.8236,-49.2611,20.0,94,100,0.45,BR,1610527187
Landkreis Teltow-Fläming,52.1228,13.2722,2.2200000000000273,92,40,2.24,DE,1610521804
Uruburetama,-3.625,-39.5083,23.010000000000048,89,85,0.78,BR,1610527038
Itá,-25.4833,-57.35,23.0,83,75,3.6,PY,1610529051
Arvorezinha,-28.8722,-52.1753,17.850000000000023,98,100,2.64,BR,1610527387
Bordenau,52.45,9.4833,3.330000000000041,87,84,6.17,DE,1610522804
Saltrio,45.8735,8.9244,2.7800000000000296,93,1,0.51,IT,1610521367
Vista Alegre,37.7833,-3.6167,-4.0,100,0,1.04,ES,1610522949
Springfield,44.2389,-94.9758,2.0,75,1,4.12,US,1610459598
Safidon,29.4167,76.6667,13.370000000000005,38,0,2.8,IN,1610502530
Antagnac,44.35,0.0167,8.890000000000043,93,75,5.66,FR,1610523202
Santa Cruz de los Taques,11.8235,-70.2564,25.129999999999995,82,64,9.66,VE,1610535887
Spinoso,40.2692,15.9666,1.670000000000016,88,56,3.17,IT,1610518647
Sirdar,49.2332,-116.6188,4.0,93,100,2.06,CA,1610465862
Municipio Bermudez,10.6667,-63.25,23.260000000000048,84,85,4.79,VE,1610534092
Banjar Dauhrurung,-8.5954,115.096,28.0,89,40,5.66,ID,1610489444
Gerstetten,48.6333,10.0333,-1.1099999999999568,89,73,3.66,DE,1610521700
Ombrée d'Anjou,47.75,-1.1667,10.0,93,90,5.14,FR,1610524187
Massa Marittima,43.049,10.8928,5.560000000000002,100,40,2.06,IT,1610520348
Hongjiaguan,29.4771,110.1668,13.730000000000018,37,0,1.84,CN,1610494498
Gutan,29.4533,117.6802,12.370000000000005,38,0,2.53,CN,1610492692
Ajnāla,31.8425,74.7589,8.0,100,90,1.59,IN,1610503299
Saint-Étienne-de-Crossey,45.3791,5.6453,3.890000000000043,89,100,0.45,FR,1610522053
Otero de Herreros,40.8173,-4.212,-2.2199999999999704,67,0,1.29,ES,1610523580
Bakulong,15.5342,120.6375,29.0,58,75,1.03,PH,1610490435
Yarikta,53.9333,110.0167,-23.18999999999997,79,32,1.0,RU,1610499126
Hardt,51.65,6.95,1.670000000000016,94,45,6.26,DE,1610523192
Santa Olalla,40.0087,-4.4327,-1.669999999999959,93,1,1.03,ES,1610523498
Henryetta,35.4398,-95.9819,1.670000000000016,74,1,2.06,US,1610458377
Blumberg,47.8406,8.5333,-2.2199999999999704,92,85,1.69,DE,1610521880
Muhr am See,49.15,10.7,-2.0,100,40,5.14,DE,1610521661
Bar-le-Duc,48.7833,5.1667,-1.0,100,90,1.54,FR,1610522903
Kırıkkale,39.8453,33.5064,12.0,58,75,8.75,TR,1610514368
Gavarr,40.354,45.1239,-5.0,86,20,0.51,AM,1610511664
Blomberg,53.5727,7.5582,3.330000000000041,87,40,7.72,DE,1610523592
Chuo,35.6078,140.1267,12.78000000000003,35,20,3.09,JP,1610488131
Mount White,-33.45,151.2,29.439999999999998,57,0,1.34,AU,1610477924
Sembach,49.5167,7.85,-1.669999999999959,100,1,2.06,DE,1610522433
Paimpol,48.7784,-3.0438,9.0,100,90,8.23,FR,1610524871
Landin,52.6642,12.5353,2.2200000000000273,83,44,0.89,DE,1610522132
Sukhoy Log,56.9094,62.0296,-29.309999999999974,87,92,1.09,RU,1610511644
Octeville,49.6261,-1.6435,10.0,100,90,8.23,FR,1610524736
Laurel Ridge,37.2685,-80.4484,0.0,93,1,1.53,US,1610454921
Lezáun,42.7866,-2.0019,6.110000000000014,87,75,2.06,ES,1610523394
Ridgecrest,35.6225,-117.6709,6.0,36,75,4.12,US,1610463608
Uniondale,40.7004,-73.5929,1.1100000000000136,69,1,2.57,US,1610453828
Völkermarkt,46.6622,14.6344,-12.0,85,20,2.57,AT,1610520161
Schmilau,53.6667,10.7667,1.670000000000016,77,69,1.79,DE,1610522850
Xiaolin,30.1727,121.3059,16.0,13,0,1.0,CN,1610491912
Doniphan,39.8,-95.1169,4.439999999999998,86,1,3.09,US,1610458842
"Saus, Camallera i Llampaies",42.1238,2.9594,3.890000000000043,93,0,1.8,ES,1610522085
Niederwil,47.3804,8.2923,1.670000000000016,95,98,0.45,CH,1610521837
Drivai,-16.45,167.8167,28.49000000000001,78,98,4.07,VU,1610475994
South Rockwood,42.0639,-83.261,1.1100000000000136,93,90,4.12,US,1610456384
Dobarce,41.9542,21.0878,-1.0,93,75,0.51,MK,1610517706
Kapellen-Drusweiler,49.1017,8.0311,0.5600000000000023,95,12,2.58,DE,1610522290
Feather Sound,27.9097,-82.657,13.330000000000041,88,90,2.57,US,1610454184
Manali,13.1667,80.2667,28.0,78,40,4.63,IN,1610499888
Goa,13.7167,123.4167,22.870000000000005,89,86,3.47,PH,1610489585
Maizières-lès-Metz,49.2075,6.1605,1.670000000000016,90,73,1.79,FR,1610522764
Krajan Landoh,-6.7635,111.3709,29.120000000000005,77,100,4.55,ID,1610490516
Nattenhausen,48.2333,10.3167,-0.5600000000000023,93,20,4.12,DE,1610521541
Saint-Castin,43.3833,-0.3,6.0,100,90,3.09,FR,1610523095
Lumwe,-8.6575,25.2367,17.730000000000018,96,82,0.79,CD,1610511012
Bordalba,41.4167,-2.0667,-4.25,94,0,3.35,ES,1610523168
El Oro,26.8667,-105.85,1.1000000000000227,83,0,1.78,MX,1610459625
Maricao Zona Urbana,18.1835,-66.9805,23.33000000000004,71,23,1.79,PR,1610535739
Revel,45.1833,5.8667,2.7800000000000296,96,100,1.79,FR,1610521961
Elk City,47.7276,-80.3328,-1.0,86,90,4.12,CA,1610456808
Fuglafjørður,62.244,-6.814,-2.0,86,20,0.51,FO,1610530655
Hoffman,35.0324,-79.5475,3.0,100,20,1.16,US,1610454375
Erzbach,49.6833,8.8667,0.5600000000000023,83,1,2.48,DE,1610522229
Pennabilli,43.8181,12.2656,2.2200000000000273,86,2,1.03,IT,1610520162
Novoivanovka,47.6617,40.0294,1.0,93,75,6.0,RU,1610514285
Borovan,43.4333,23.75,1.0,93,90,2.06,BG,1610517334
Oromocto,45.8351,-66.4792,-9.0,85,20,0.78,CA,1610539450
Virginia,-34.6667,138.5667,27.78000000000003,55,65,3.13,AU,1610480779
Untervilslern,48.3833,12.2667,0.0,86,75,4.12,DE,1610521107
Dayr al Ghuşūn,32.3524,35.0769,18.890000000000043,58,0,1.54,PS,1610512889
Mihăileni,46.4667,25.8167,-5.1299999999999955,95,91,1.9,RO,1610517437
Suicheng,33.8963,117.9331,10.490000000000009,48,0,4.11,CN,1610493215
Sankt Peter,48.6,13.0833,-0.5600000000000023,90,74,3.82,DE,1610520961
Dilke,50.8668,-105.2511,3.0,65,87,8.75,CA,1610463542
Yong’an,36.6576,111.5664,3.4500000000000455,51,0,1.76,CN,1610495139
La Pipa,43.5387,-5.6189,6.670000000000016,89,16,2.18,ES,1610524401
Cwm,51.74,-3.1803,6.110000000000014,95,100,2.25,GB,1610525646
Shrewsbury,40.3296,-74.0615,1.1100000000000136,80,40,1.54,US,1610453878
Saint James City,26.4976,-82.0784,15.0,78,99,5.97,US,1610453876
Le Brévedent,49.2264,0.3003,7.0,100,90,3.09,FR,1610524174
Barengkok,-7.7152,108.1762,29.180000000000007,65,99,3.9,ID,1610491191
Herzele,50.8868,3.8901,0.5600000000000023,96,98,0.45,BE,1610523724
Gunungbatu,-7.3116,108.204,30.53000000000003,58,100,0.53,ID,1610491223
Frutigen,46.5878,7.6475,1.1100000000000136,92,100,1.96,CH,1610521821
Danis,46.7549,9.0557,1.670000000000016,94,100,2.83,CH,1610521519
Salmon Cove,47.7832,-53.1648,-1.1099999999999568,90,100,3.9,CA,1610536669
Nové Město,50.37,12.8944,-2.7799999999999727,100,90,3.6,CZ,1610521433
Oakwood,39.7253,-84.1741,-1.1099999999999568,80,1,2.57,US,1610456204
Hirakata,35.9333,139.55,12.220000000000027,35,1,2.06,JP,1610488317
Vrede,-27.4257,29.1659,16.74000000000001,88,92,1.88,ZA,1610508038
Villaputzu,39.44,9.5725,11.670000000000016,87,40,9.26,IT,1610520045
Biskra Province,34.6667,5.4167,9.0,49,20,9.26,DZ,1610520323
Czarna Dąbrówka,54.3563,17.5646,0.0,100,75,4.12,PL,1610521433
Mattsies,48.0833,10.55,-2.2199999999999704,93,20,4.12,DE,1610521451
North Bend,41.4619,-96.7797,4.0,70,1,3.83,US,1610459522
Municipio San Jose de Guanipa,8.88,-64.161,22.840000000000032,74,87,5.2,VE,1610534139
Ruelisheim,47.8233,7.3583,2.2200000000000273,94,82,2.68,FR,1610522158
Senés de Alcubierre,41.9073,-0.4891,5.560000000000002,93,9,4.01,ES,1610522875
Craco,40.3799,16.4371,4.0,93,0,3.09,IT,1610518552
Red Top (historical),39.4602,-118.1104,7.0,39,75,2.57,US,1610464303
Bruschied,49.8333,7.4,-1.669999999999959,100,20,3.6,DE,1610522618
Wehrbleck,52.6333,8.7,2.2200000000000273,90,95,3.13,DE,1610523044
Montataire,49.2561,2.4389,4.0,93,75,1.03,FR,1610523668
Woodbridge,41.3526,-73.0084,1.1100000000000136,80,90,0.68,US,1610453799
Starowa Góra,51.6913,19.4837,-1.0,86,90,3.09,PL,1610520196
Blue Island,41.6573,-87.6801,-1.0,86,40,3.6,US,1610457373
Bad Belzig,52.1333,12.6,1.670000000000016,99,44,0.45,DE,1610521968
Alcanó,41.4806,0.6166,-2.2199999999999704,100,75,1.54,ES,1610522535
Villanueva de los Castillejos,37.4495,-7.1877,2.2200000000000273,67,0,2.52,ES,1610523755
Biskupiec,53.5006,19.3506,1.1100000000000136,95,77,0.45,PL,1610520742
Mojoasem,-6.9965,112.5728,31.0,70,20,3.6,ID,1610490205
Mint Hill,35.1796,-80.6473,3.890000000000043,93,1,1.54,US,1610454660
Whitton,52.0833,1.1333,1.670000000000016,93,90,3.09,GB,1610524705
Leobersdorf,47.928,16.2165,1.670000000000016,77,79,3.58,AT,1610520057
Berwyn,41.8506,-87.7937,1.1100000000000136,86,40,3.6,US,1610457434
Rühn,53.8167,11.9333,2.7800000000000296,93,75,5.66,DE,1610522616
Sárkeresztúr,47.0054,18.5439,1.1100000000000136,73,93,5.36,HU,1610519296
Bastheim,50.4,10.2,0.5600000000000023,96,6,1.34,DE,1610522087
Haraat,46.4167,107.65,-16.639999999999986,89,92,2.65,MN,1610497794
Bousbecque,50.7712,3.0846,1.670000000000016,93,0,2.06,FR,1610523888
Jishan,30.5393,112.177,12.57000000000005,38,0,1.02,CN,1610494150
Santa María de la Vega,42.0854,-5.8107,-1.1099999999999568,92,0,0.51,ES,1610524183
Ikšķile,56.8333,24.5,-1.0,100,90,3.6,LV,1610520616
Min Buri,13.8141,100.7314,25.560000000000002,38,14,1.54,TH,1610495040
Gus'-Khrustal'nyy,55.6111,40.6519,-19.539999999999964,92,89,2.77,RU,1610516307
Lábod,46.2053,17.4542,-2.0,93,50,2.48,HU,1610519389
Dalumangcob,7.2167,124.3,31.410000000000025,59,99,1.56,PH,1610488741
Saint-Pardoux-de-Drône,45.2259,0.422,8.330000000000041,91,100,3.08,FR,1610523276
Louisville,40.8373,-81.2596,-2.0,80,90,5.66,US,1610455691
Poveda de las Cintas,41.046,-5.2602,-10.0,85,0,1.54,ES,1610523870
Santeramo in Colle,40.793,16.7553,3.330000000000041,93,0,1.03,IT,1610518545
Sourdeval-les-Bois,48.9089,-1.2758,10.0,100,90,6.69,FR,1610524478
Aflou,34.1128,2.1023,-1.4099999999999682,97,0,2.82,DZ,1610521041
Kenscoff,18.4506,-72.2869,24.0,64,69,2.57,HT,1610450633
New Hope,33.4682,-88.3267,-3.0,93,1,1.27,US,1610456262
Langenrehm,53.4,9.8667,3.330000000000041,93,90,6.69,DE,1610522986
Brunyola,41.9,2.6833,5.0,93,0,1.64,ES,1610522112
Kleinseelheim,50.8052,8.8843,0.5600000000000023,95,0,3.47,DE,1610522505
Partido de Campana,-34.1667,-58.9167,20.0,55,0,4.12,AR,1610528280
Futun,41.63,121.7825,-4.899999999999977,73,0,3.14,CN,1610493488
Manning,47.23,-102.7702,4.0,52,40,2.06,US,1610462081
Ban Khai,12.7826,101.2964,27.220000000000027,31,38,5.66,TH,1610494802
Kriens,47.0207,8.2589,2.2200000000000273,87,75,1.03,CH,1610521767
Pës’ye,55.4064,37.3864,-10.0,92,90,4.0,RU,1610517021
Blumenhagen,53.5333,13.8833,1.1100000000000136,82,7,3.13,DE,1610522063
"Saucejo, El",37.0787,-5.0964,3.330000000000041,93,0,3.09,ES,1610523197
Jenfeld,53.5722,10.1361,1.670000000000016,100,20,5.66,DE,1610522973
Champs-sur-Marne,48.85,2.6,5.560000000000002,87,90,1.67,FR,1610523534
Campet-et-Lamolère,43.9188,-0.605,7.220000000000027,100,90,2.06,FR,1610523269
Fayetteville,39.9112,-77.55,-2.2199999999999704,78,0,1.84,US,1610454645
Granucillo,42.0521,-5.9278,0.5600000000000023,92,0,0.51,ES,1610524205
Apokoronas,35.3698,24.1941,13.0,76,75,4.63,GR,1610515917
Itabaiana,-10.685,-37.4253,26.0,83,40,2.57,BR,1610525857
Donaueschingen,47.95,8.5,-2.2199999999999704,90,82,1.87,DE,1610521913
Hjallerup,57.1647,10.1457,1.0,93,75,1.54,DK,1610524183
Montecarlo,-26.5662,-54.757,20.24000000000001,96,96,0.83,AR,1610528297
Moara de Piatră,47.895,28.0069,-2.9499999999999886,93,57,1.41,MD,1610517221
Córdoba,0.8591,-77.5195,7.260000000000048,91,86,1.31,CO,1610450165
Moreda Araba / Moreda de Álava,42.5315,-2.4173,3.0,75,90,6.17,ES,1610523448
Villafalletto,44.5437,7.5401,3.890000000000043,86,0,1.54,IT,1610521434
Voskresenovka,54.8808,68.4708,-29.99999999999997,76,88,1.0,KZ,1610509391
Tiraspol,46.8403,29.6433,-2.0,86,20,2.06,MD,1610516598
Dărmăneşti,44.9167,25.7833,0.0,100,90,2.06,RO,1610517130
Zendscheid,50.1,6.6,-1.0,93,90,2.82,DE,1610522875
Karmah an Nuzul,19.6333,30.4167,17.28000000000003,44,0,3.25,SD,1610512513
Nayoro,44.3506,142.4578,0.0,86,75,6.17,JP,1610489027
Conceição de Macabu,-22.0853,-41.8683,25.0,94,40,2.57,BR,1610525729
Hutchins Corners,44.9237,-75.6993,-2.0,93,27,2.06,CA,1610455107
Torre-Cardela,37.5047,-3.356,0.5600000000000023,100,0,0.68,ES,1610522844
Dalmore,-38.1833,145.4167,31.110000000000014,43,80,2.24,AU,1610478580
Langendorf,51.0833,12.2667,1.0,80,75,5.14,DE,1610521766
San Cipriano d'Aversa,40.9988,14.1317,8.890000000000043,100,94,1.35,IT,1610519209
San Andrés,13.7167,-89.85,24.370000000000005,63,5,3.17,SV,1610454365
Uval'yevo,56.75,40.7833,-21.24999999999997,91,100,3.43,RU,1610516680
Cosoleto,38.2754,15.928,11.670000000000016,66,75,4.63,IT,1610518335
Casas de Miravete,39.7444,-5.7716,-1.1099999999999568,78,3,0.51,ES,1610523776
Gardere,30.3458,-91.1401,5.0,80,3,1.94,US,1610456524
Saramej,40.7749,44.2222,-3.0,86,40,2.15,AM,1610511952
Kozloduy,43.7167,23.7333,1.0,100,81,4.12,BG,1610517391
Moutier-Malcard,46.3941,1.9457,9.0,93,90,6.69,FR,1610523149
Valladolid,41.6523,-4.7285,-1.669999999999959,100,0,1.54,ES,1610523847
Ilanz,46.7707,9.1926,1.670000000000016,94,100,2.03,CH,1610521490
Sollenau,47.9026,16.2498,1.670000000000016,77,78,3.58,AT,1610520043
Gonzalo,18.9515,-69.7511,23.890000000000043,94,20,2.06,DO,1610536484
Hodgkins,41.7689,-87.8578,0.5600000000000023,86,40,3.6,US,1610457435
Fröhnerhof,49.4833,7.85,-1.669999999999959,100,1,2.06,DE,1610522425
Kleinschwabhausen,50.9316,11.4611,1.1100000000000136,84,2,1.34,DE,1610521920
Castelvenere,41.2348,14.5465,7.78000000000003,74,72,0.97,IT,1610519150
Waldoboro,44.0954,-69.3756,0.0,86,90,1.54,US,1610453428
Petershausen,48.4084,11.4684,0.0,100,75,4.13,DE,1610521304
Sangineto,39.6048,15.9149,-1.0,100,90,3.6,IT,1610518550
Evros,41.0,26.0,5.0,87,75,3.6,GR,1610516362
Badia,46.6101,11.8935,-3.8899999999999864,73,0,5.14,IT,1610520808
Graysville,33.6207,-86.9714,-1.0,80,1,1.39,US,1610455958
Regnéville-sur-Mer,49.0167,-1.55,10.0,100,90,6.69,FR,1610524569
La Courtine,45.7,2.2667,7.220000000000027,78,100,3.16,FR,1610522929
Kabalo,-6.05,26.9167,20.700000000000045,95,60,0.59,CD,1610510860
Stowmarket,52.1889,0.9977,0.0,93,90,3.09,GB,1610524766
Nargis,48.1111,2.756,6.110000000000014,97,100,2.03,FR,1610523327
Rahm,51.35,6.7833,2.2200000000000273,87,75,4.63,DE,1610523151
Idanha,38.775,-9.2744,6.110000000000014,80,0,1.03,PT,1610524461
Cayey,18.1119,-66.166,25.0,93,29,2.35,PR,1610535536
Effretikon / Rikon,47.4467,8.7953,2.0,93,75,1.0,CH,1610521731
Oildale,35.4197,-119.0195,9.439999999999998,71,1,2.06,US,1610463902
Borrenes,42.4837,-6.7312,0.5600000000000023,70,4,0.22,ES,1610524475
Beerse,51.3193,4.853,1.670000000000016,95,78,2.24,BE,1610523606
Panaitolio,38.5833,21.45,7.0,93,20,1.35,GR,1610517058
Marcellina,42.0251,12.8058,1.1100000000000136,91,28,1.79,IT,1610519705
Kappel-Grafenhausen,48.2833,7.75,0.5600000000000023,93,75,2.06,DE,1610522168
Spitak,40.8322,44.2673,-3.0,86,40,2.98,AM,1610511950
Kholmyashchevo,59.9,42.4667,-29.809999999999974,87,0,1.94,RU,1610517594
Landkreis Celle,52.7472,10.1161,2.0,80,86,5.14,DE,1610522736
Novopavlovsk,43.9622,43.6342,-1.0,100,90,1.0,RU,1610512663
Fairview,34.9456,-85.2844,0.5600000000000023,99,0,0.98,US,1610455739
Todber,50.9808,-2.2893,8.890000000000043,98,100,3.58,GB,1610525231
Jambangan,-8.1623,112.7382,26.470000000000027,78,100,3.07,ID,1610490052
Roquevaire,43.35,5.6,7.78000000000003,73,0,2.68,FR,1610521674
Tenares,19.3744,-70.3509,22.0,88,20,1.03,DO,1610536672
Gounou Gaya,9.6294,15.5132,15.990000000000009,30,7,1.96,TD,1610515086
Stalybridge,53.4841,-2.0591,2.2200000000000273,82,100,1.03,GB,1610525872
Powiat mogileński,52.6616,18.0742,0.5600000000000023,86,75,5.14,PL,1610520803
Kirlichnyy,47.2523,39.835,1.0,93,75,6.0,RU,1610514242
Banjaranyar,-7.0121,112.4618,31.0,70,20,3.6,ID,1610490230
Marengo,41.7981,-92.0707,0.5600000000000023,80,1,4.63,US,1610458451
Dubova (Driloni),42.7119,20.3697,-1.0,74,75,2.06,XK,1610518013
Fraurombach,50.6833,9.6167,-1.669999999999959,96,6,1.34,DE,1610522298
Dhing,26.4667,92.4667,22.140000000000043,56,3,0.58,IN,1610498381
Iloilo City,10.75,122.55,27.480000000000018,73,100,7.1,PH,1610489502
Mzimba District,-11.8543,33.6078,19.150000000000034,84,100,0.99,MW,1610508687
Ćićevac,43.7188,21.4408,0.0,86,90,1.03,RS,1610517942
Ruppertsberg,49.4003,8.1961,0.0,96,2,3.24,DE,1610522322
La Yeguera,7.55,-61.9667,21.379999999999995,92,67,2.6,VE,1610533485
Akulovo,54.9653,37.3089,-10.0,92,90,4.0,RU,1610516893
Dong Ostang,38.8333,77.4667,-1.2999999999999545,67,0,1.87,CN,1610503656
Selk,54.4667,9.5667,1.670000000000016,93,45,6.69,DE,1610523386
Kleinlangenfeld,50.2667,6.4833,-1.0,93,90,3.71,DE,1610522945
Puchi,33.5347,104.8142,8.29000000000002,35,0,1.3,CN,1610496313
Bilice,45.2367,17.8411,-1.669999999999959,85,80,1.34,HR,1610519099
Marratxí,39.6421,2.7539,5.0,93,0,0.51,ES,1610521714
